/*--------------------------------*- C++ -*----------------------------------*\
| =========                 |                                                 |
| \\      /  F ield         | OpenFOAM: The Open Source CFD Toolbox           |
|  \\    /   O peration     | Version:  2.4.0                                 |
|   \\  /    A nd           | Web:      www.OpenFOAM.org                      |
|    \\/     M anipulation  |                                                 |
\*---------------------------------------------------------------------------*/
FoamFile
{
    version     2.0;
    format      ascii;
    class       faceSet;
    location    "constant/polyMesh/sets";
    object      wrongFaces;
}
// * * * * * * * * * * * * * * * * * * * * * * * * * * * * * * * * * * * * * //


9470
(
131077 
131078 
131079 
131108 
131114 
131115 
131116 
213038 
262206 
262207 
262208 
131166 
131167 
131168 
131169 
262242 
262243 
262244 
131186 
131187 
131188 
131189 
131206 
131207 
131208 
131209 
213133 
213134 
213135 
213136 
131222 
131223 
131224 
131225 
213152 
131234 
426147 
131235 
426148 
131236 
426149 
131237 
131238 
426155 
426156 
426157 
131253 
131254 
131255 
131256 
131283 
131284 
131285 
131286 
131293 
131294 
131295 
131296 
131308 
131309 
131310 
131311 
131318 
131319 
131320 
131321 
213242 
213250 
246034 
246035 
131356 
131368 
131369 
131370 
131371 
131379 
131380 
131381 
131393 
131413 
131418 
131419 
131420 
131421 
131425 
131426 
131427 
131442 
131443 
180595 
131444 
180596 
131445 
180597 
131452 
131453 
131454 
131455 
180609 
180610 
180611 
278930 
180627 
131478 
131479 
131480 
131481 
180633 
180634 
180635 
180636 
180644 
180645 
180646 
180647 
131496 
131497 
131498 
131499 
180672 
180673 
180674 
180675 
180680 
180683 
213452 
180684 
213453 
180685 
180686 
213455 
180689 
180690 
180691 
180692 
131546 
180698 
131547 
131548 
131549 
180703 
180704 
180705 
180714 
180715 
180716 
180718 
180719 
180720 
131570 
131571 
131572 
131573 
131581 
131582 
180734 
131583 
180735 
131584 
180736 
180737 
180748 
180749 
131598 
180750 
131599 
131600 
131601 
131610 
131611 
131612 
131613 
180767 
180768 
180769 
131621 
131622 
131623 
131624 
180776 
180788 
180789 
180790 
180791 
180805 
180806 
180807 
180808 
213582 
131663 
131664 
180816 
131665 
131666 
131672 
131673 
131674 
131675 
180837 
131687 
131688 
131689 
131690 
131696 
131697 
131698 
180850 
131699 
180851 
180852 
180859 
180872 
131721 
180873 
131722 
180874 
131723 
180875 
131724 
180884 
131733 
131734 
131735 
131736 
115356 
180892 
115357 
180893 
115358 
180894 
180895 
115369 
115370 
115371 
115372 
180910 
180911 
180912 
180922 
180923 
180924 
131775 
131776 
131777 
131778 
115401 
115406 
131790 
131791 
180943 
131792 
180944 
131793 
180945 
180946 
180954 
180955 
180956 
180957 
180968 
180969 
180970 
180971 
131821 
180973 
180979 
180985 
131834 
180986 
131835 
180987 
131836 
180997 
181002 
115467 
115468 
115469 
115470 
181008 
181009 
181010 
115483 
115484 
115485 
115486 
131873 
131874 
279331 
131875 
131876 
115495 
131882 
131883 
131884 
181038 
197423 
197424 
115505 
197425 
197426 
181043 
279348 
181044 
181045 
181051 
181056 
131905 
181057 
181058 
115525 
115526 
115527 
115528 
181065 
115534 
115535 
197455 
115536 
131927 
263002 
263003 
263004 
115551 
115552 
115553 
181089 
115554 
181090 
181091 
181092 
115560 
131944 
115561 
115562 
197483 
197484 
131949 
197485 
131950 
197486 
131951 
131953 
115570 
115576 
181112 
181113 
181114 
131965 
115584 
181120 
131970 
131971 
197507 
131972 
197508 
197509 
131974 
197510 
115601 
115602 
115603 
131993 
115610 
131994 
115611 
131995 
115612 
131996 
115613 
115618 
115619 
115620 
132008 
197544 
132009 
197545 
132010 
197546 
132011 
181165 
115630 
181171 
115637 
263094 
263095 
263096 
197561 
132026 
115643 
132027 
132028 
132029 
197565 
197566 
263103 
181183 
197567 
263104 
181184 
263105 
181185 
181186 
197572 
197577 
181194 
197578 
181195 
197579 
181196 
132053 
132054 
132055 
181207 
132056 
181208 
181209 
197593 
181210 
197594 
197595 
197596 
181217 
181218 
181219 
115692 
181232 
197618 
181238 
115706 
181242 
115707 
115708 
115709 
132096 
181248 
181249 
115714 
132098 
181250 
132099 
181251 
132100 
197638 
181255 
181256 
181257 
181258 
197643 
197644 
115725 
197645 
197671 
197672 
197673 
197674 
263212 
197676 
263213 
263214 
132143 
115760 
132144 
132145 
132146 
197685 
181302 
197686 
197687 
263225 
263226 
115770 
263227 
115771 
115772 
181308 
115773 
181309 
181310 
132162 
132163 
181315 
132164 
132165 
115784 
181320 
115785 
181321 
115786 
181322 
181328 
181329 
181330 
181331 
263256 
263257 
263258 
115807 
115808 
115809 
115810 
115814 
115818 
197741 
197742 
197743 
197744 
263281 
263282 
263283 
197747 
197748 
197749 
197750 
115831 
115832 
115833 
115835 
132221 
132222 
132223 
115840 
132224 
263298 
263299 
263300 
115844 
115845 
181381 
115846 
115847 
181386 
181387 
132236 
181388 
132237 
197773 
115854 
132238 
197774 
132239 
197775 
197776 
181395 
115862 
115863 
115864 
181402 
181403 
115868 
181404 
115869 
115870 
132254 
115871 
132255 
197791 
132256 
197792 
132257 
197793 
197794 
132263 
115880 
132268 
132269 
115886 
132270 
181426 
115891 
132276 
197813 
197814 
197815 
132280 
197816 
132281 
132282 
181434 
181435 
181436 
181437 
115907 
181454 
115919 
115920 
115921 
115922 
181460 
197844 
181461 
197845 
115926 
181462 
197846 
115927 
197847 
115928 
115929 
132319 
132320 
132321 
132322 
132325 
115945 
115946 
181482 
115947 
132331 
181483 
115948 
181484 
181485 
132334 
132335 
214256 
115952 
132336 
197872 
115953 
132337 
197873 
115954 
197874 
115955 
197875 
115960 
132346 
132347 
132348 
132349 
181508 
181509 
181510 
181511 
115976 
197896 
197897 
197898 
197899 
115984 
115985 
115986 
197910 
197911 
197912 
132377 
197913 
132378 
132379 
132380 
115999 
181535 
116000 
181536 
116001 
181537 
116002 
181538 
116004 
132390 
132391 
132392 
132393 
197931 
197932 
197933 
132398 
197934 
132399 
132400 
132401 
181553 
181558 
181559 
181560 
197946 
116029 
181565 
181566 
181567 
132416 
181568 
263490 
263494 
263495 
263496 
116040 
116041 
116042 
116043 
181580 
181581 
181582 
132431 
181583 
132432 
116049 
132433 
132434 
197972 
132439 
181595 
181596 
181597 
181598 
116063 
197983 
116074 
116075 
116076 
116077 
181617 
181618 
181619 
181620 
116085 
116086 
132470 
263543 
116087 
132471 
263544 
116088 
132472 
198008 
263545 
132473 
181633 
181634 
198018 
132483 
181635 
198019 
132484 
181636 
198020 
132485 
263558 
132486 
263559 
198023 
263560 
198024 
198025 
181643 
132502 
181654 
132503 
181655 
132504 
181656 
132505 
198042 
198043 
116124 
198044 
132515 
116136 
132520 
181672 
116137 
132521 
116138 
132522 
116139 
116146 
116147 
116148 
116149 
132534 
181687 
181688 
181689 
181690 
132542 
132543 
132544 
116162 
116163 
116164 
116165 
263622 
263623 
132551 
198087 
263624 
132552 
198088 
132553 
198089 
132554 
198090 
116172 
116173 
116174 
263631 
263632 
263633 
181714 
181715 
181716 
263642 
263643 
263644 
116188 
116189 
132573 
181725 
116190 
132574 
181726 
116191 
132575 
181727 
132576 
198115 
198116 
198117 
198118 
116199 
116200 
181736 
116201 
181737 
181738 
132587 
116209 
116210 
116211 
181747 
116212 
181748 
181749 
198137 
198138 
198139 
198140 
116221 
116222 
116223 
263681 
181764 
181765 
181766 
181767 
181771 
132620 
181772 
181773 
181774 
116239 
132623 
116240 
132624 
181776 
116241 
132625 
181777 
132626 
181778 
198162 
132627 
181779 
198163 
198164 
198165 
116246 
132630 
181782 
116247 
132631 
181783 
116248 
132632 
181784 
443929 
116249 
132633 
181785 
443930 
443931 
132636 
181793 
132642 
181794 
132643 
181795 
132644 
181796 
132645 
198189 
198190 
443951 
132655 
198191 
443952 
132656 
198192 
443953 
132657 
132658 
443957 
443958 
443959 
181821 
198205 
181822 
198206 
181823 
198207 
181824 
198208 
132674 
198216 
181834 
116301 
116302 
132686 
132687 
181839 
132688 
132689 
198226 
132694 
132695 
132696 
132697 
198243 
198249 
198250 
198251 
132717 
132718 
132719 
132720 
198257 
132725 
132726 
198262 
132727 
198263 
198264 
198266 
198267 
198268 
132737 
132738 
181890 
132739 
132740 
132741 
132745 
181899 
198284 
198285 
198286 
181910 
181917 
132767 
132768 
132769 
132770 
132771 
132774 
132775 
181927 
132776 
181928 
198312 
132777 
181929 
198313 
181930 
198314 
132782 
132795 
132796 
132797 
132798 
198342 
198343 
198344 
198345 
132812 
132813 
132814 
132815 
132827 
132828 
132829 
132830 
198372 
198373 
132838 
198374 
198375 
132846 
182000 
132852 
182005 
182006 
182007 
132858 
182010 
182011 
182012 
132869 
132870 
198406 
132871 
198407 
132872 
198408 
198409 
132885 
132886 
132887 
182041 
182042 
182043 
132892 
132893 
132894 
198430 
132902 
132910 
132911 
132912 
198449 
132923 
198459 
132924 
132925 
132926 
198472 
198473 
198474 
132943 
132944 
427857 
132945 
427858 
132946 
427859 
132949 
132950 
132951 
132952 
427869 
427870 
427871 
198495 
198496 
198497 
132968 
132969 
132970 
132976 
198515 
198519 
198520 
198521 
132994 
132995 
132996 
132997 
427911 
198535 
427912 
427913 
133002 
198540 
198541 
198542 
133009 
182162 
198546 
198547 
198548 
133017 
133022 
198563 
133028 
198564 
133029 
198565 
133030 
198566 
133032 
133037 
198581 
133049 
133050 
133051 
133052 
198590 
198601 
198602 
133067 
198603 
133068 
133069 
133070 
133075 
67540 
67543 
67544 
67545 
133081 
198621 
198622 
133087 
198623 
133088 
133089 
133090 
67559 
133096 
133097 
133098 
133099 
133115 
198651 
133116 
198652 
133117 
198653 
133118 
198654 
133120 
67585 
67586 
67587 
67588 
133132 
198676 
198677 
198678 
198679 
133147 
133148 
133149 
133150 
133156 
133157 
133158 
231464 
198705 
198706 
198707 
198708 
133176 
133177 
133178 
133179 
198719 
198720 
198721 
231490 
133186 
198722 
231491 
133187 
231492 
133188 
133189 
67657 
67660 
67661 
67662 
231504 
231505 
231506 
133202 
231507 
133203 
133204 
133205 
198742 
198743 
198744 
198745 
67675 
133212 
133213 
133214 
133215 
231525 
231526 
231527 
231528 
198762 
198763 
67692 
198764 
67693 
133229 
198765 
67694 
133230 
67695 
133231 
133232 
133234 
67704 
133240 
133241 
133242 
313467 
313468 
313469 
67709 
67710 
67711 
133249 
231557 
231558 
231559 
67719 
231560 
67720 
133256 
67721 
67722 
215180 
231567 
231568 
198800 
231569 
198801 
198802 
198803 
133282 
133283 
231588 
133284 
231589 
133285 
198821 
231590 
198822 
198823 
198824 
133292 
133293 
133294 
133295 
231600 
231601 
231602 
198836 
198837 
198838 
198839 
133309 
133310 
133311 
133312 
133320 
198856 
133321 
198857 
133322 
198858 
133323 
198859 
231644 
231645 
231646 
133348 
231653 
231654 
231655 
231656 
133359 
133360 
133361 
198897 
133362 
198901 
231676 
231677 
231678 
133382 
133383 
133384 
133385 
198921 
198922 
133387 
198923 
198924 
198935 
198936 
198937 
198938 
231709 
231710 
231711 
133411 
133412 
133413 
198959 
198960 
198961 
231730 
198962 
231731 
231732 
133428 
231733 
133434 
133440 
133441 
133442 
133448 
231753 
231754 
231755 
198987 
231756 
198988 
133453 
198989 
133454 
198990 
231759 
133455 
133464 
199002 
199003 
199004 
199005 
133477 
231782 
231783 
231784 
231785 
133482 
133483 
133484 
133486 
231793 
199032 
199033 
199034 
199035 
543101 
133501 
133506 
133507 
133508 
133510 
133515 
231821 
231822 
231823 
231824 
199056 
199057 
231826 
199058 
199059 
133524 
133529 
133530 
231835 
133531 
231836 
231837 
199073 
199074 
199075 
199076 
133546 
199093 
231862 
199094 
231863 
133559 
199095 
231864 
199096 
231865 
133567 
133568 
133569 
199108 
231877 
199109 
231878 
199110 
231879 
199111 
231890 
231891 
199123 
231892 
133588 
231893 
133589 
133590 
199128 
199129 
199130 
133595 
231905 
231906 
231907 
199141 
133609 
199147 
199148 
199149 
133614 
133615 
133616 
133622 
133633 
133634 
231942 
199181 
133646 
133647 
133648 
199185 
133658 
133662 
199198 
133663 
199199 
133664 
199200 
199201 
231971 
231972 
231973 
231974 
231976 
133679 
133684 
133685 
133686 
133695 
232000 
232001 
232002 
232003 
133707 
232012 
133708 
232013 
133709 
232014 
232015 
232027 
232028 
232029 
232030 
133727 
199265 
199266 
199267 
199268 
133740 
133741 
133742 
133743 
232051 
232052 
232053 
232054 
133752 
133753 
199289 
133754 
199290 
133755 
199291 
199292 
232074 
232082 
199324 
199327 
199328 
199329 
133797 
133798 
133799 
133800 
232113 
232114 
199346 
232115 
199347 
199348 
133813 
199349 
133814 
133815 
133816 
133823 
133824 
133825 
133826 
199372 
199373 
199374 
199375 
133841 
133842 
232147 
133843 
232148 
133844 
232149 
232150 
133852 
133853 
133854 
199390 
133855 
232160 
232161 
232162 
232163 
199396 
133869 
117486 
117487 
117488 
199409 
199410 
199411 
199412 
133878 
232183 
133879 
133880 
133881 
232193 
232194 
232195 
133894 
133895 
133896 
232201 
133897 
232205 
232206 
232207 
232212 
199450 
428827 
232219 
428828 
428829 
199457 
199460 
133925 
199461 
133926 
199462 
133927 
133928 
166703 
232240 
232241 
232242 
232243 
133940 
133941 
166709 
133942 
166710 
133943 
166711 
133951 
133952 
133953 
133954 
199491 
232260 
232261 
199493 
232262 
199494 
232263 
199495 
232269 
166734 
232274 
232275 
232276 
166747 
166748 
166749 
166750 
232288 
232289 
232290 
199523 
133988 
199524 
133989 
199525 
133990 
232295 
133991 
232305 
134003 
134004 
232309 
134005 
166773 
232310 
134006 
232311 
134009 
134010 
134011 
166784 
232322 
232323 
232324 
232325 
134047 
134053 
134057 
166825 
199593 
199594 
199595 
199596 
134061 
134062 
134063 
166831 
166832 
166833 
166837 
166838 
166839 
199607 
166840 
199608 
134073 
199609 
199610 
134078 
166846 
134079 
166847 
134080 
166848 
166849 
166850 
166856 
166857 
166858 
134095 
134096 
134097 
134112 
134113 
134114 
297961 
297962 
297963 
134125 
297968 
297969 
297970 
134132 
134138 
134139 
134140 
134141 
134142 
199679 
297984 
199680 
297985 
199681 
297986 
134147 
199683 
134148 
199684 
134149 
199685 
134155 
298001 
298002 
298003 
134165 
527388 
527389 
527392 
199712 
199713 
199714 
199715 
298020 
298021 
298022 
298025 
199721 
298026 
199722 
298027 
199723 
298028 
166960 
232501 
166965 
166966 
166967 
298041 
298042 
166973 
298048 
298049 
166978 
166979 
166980 
166983 
199755 
166988 
199756 
166989 
199757 
166990 
199758 
134224 
232534 
134230 
134233 
134234 
134235 
167003 
134236 
199772 
199773 
199774 
199775 
167009 
167010 
134243 
167011 
134244 
134245 
134246 
134248 
134254 
134255 
167023 
134256 
167024 
134257 
167025 
134258 
167026 
199797 
134262 
199798 
134263 
199799 
134264 
199800 
134270 
199813 
199814 
199815 
199816 
134284 
167052 
232589 
167053 
232590 
167054 
232591 
167055 
232592 
232594 
232600 
232601 
232602 
232603 
134301 
199838 
232611 
134307 
199843 
117924 
134308 
199844 
117925 
134309 
167077 
199845 
117926 
134310 
117927 
199848 
330922 
167082 
330923 
167083 
330924 
167084 
330925 
199853 
199854 
199855 
117938 
117939 
117940 
134327 
167095 
117945 
232637 
167101 
232638 
134334 
167102 
232639 
117951 
167103 
232640 
117952 
330945 
117953 
134337 
330946 
134338 
330947 
134339 
330948 
134340 
167109 
134346 
199883 
134352 
167120 
199888 
330961 
167121 
199889 
167122 
199890 
134358 
117979 
167131 
117980 
134364 
167132 
117981 
167133 
117982 
167134 
330976 
330977 
199905 
330978 
330979 
330983 
117991 
199911 
330984 
199912 
330985 
199913 
330986 
134379 
134380 
134381 
330990 
134382 
330991 
330992 
330993 
134385 
134386 
560371 
134387 
330996 
134388 
330997 
330998 
118006 
330999 
118007 
118008 
331006 
199934 
331007 
134399 
331008 
134400 
118017 
134401 
118018 
134402 
118019 
199939 
199945 
199946 
118027 
134411 
199947 
118028 
331021 
118029 
331022 
331023 
331024 
134416 
199955 
331030 
331031 
134423 
331032 
118041 
199961 
118042 
199962 
118043 
199963 
118044 
118048 
118049 
134433 
199969 
118050 
134434 
118051 
134435 
331045 
134437 
331046 
331047 
331048 
199977 
331050 
118058 
331051 
134443 
331052 
199983 
118065 
331065 
331066 
331067 
134460 
134461 
134463 
134465 
150850 
150851 
150852 
150854 
150855 
150856 
150862 
200014 
150863 
200015 
150864 
200016 
134481 
134482 
134483 
134484 
134489 
150874 
150875 
150876 
150877 
200029 
200030 
200031 
134497 
150881 
134498 
150882 
134499 
150883 
183651 
150884 
183653 
183654 
183655 
134504 
298348 
298349 
298350 
134510 
134511 
150895 
134512 
150896 
134513 
150897 
150898 
134521 
134522 
134523 
134524 
167299 
150916 
150917 
150918 
183686 
150919 
134537 
183689 
134538 
183690 
134539 
183691 
167310 
134552 
134553 
134554 
134555 
134557 
134558 
134559 
134569 
167337 
134570 
167338 
134571 
167339 
134572 
167340 
200111 
200112 
200113 
200114 
134579 
134580 
134581 
167349 
134582 
167350 
134583 
167351 
167352 
232890 
232891 
232892 
232893 
200126 
134591 
183743 
200127 
134592 
183744 
200128 
134593 
183745 
200129 
183746 
134601 
134602 
134603 
134604 
200145 
200146 
232915 
200147 
232916 
200148 
232917 
232918 
134619 
134620 
134621 
134622 
200160 
200161 
200162 
200163 
331238 
183782 
331239 
134631 
331240 
331245 
265709 
265710 
265711 
200181 
200182 
200183 
134648 
200184 
331263 
265727 
331264 
331265 
331266 
331269 
232965 
265734 
265735 
183815 
265736 
200200 
265737 
200201 
200202 
183823 
183824 
232977 
183825 
167442 
331283 
265747 
265748 
265749 
265750 
429594 
183834 
200218 
429595 
331291 
167451 
200219 
429596 
331292 
167452 
200220 
331293 
167453 
331294 
167454 
265759 
183839 
265760 
183840 
265761 
183841 
183851 
331308 
183852 
183853 
183854 
265775 
134704 
200240 
331313 
134705 
200241 
200242 
200243 
265780 
200245 
200246 
183863 
200247 
183864 
200248 
183865 
331325 
331326 
331327 
265792 
265793 
265794 
134722 
265799 
265800 
265801 
331343 
331344 
331345 
331346 
183898 
331359 
183903 
331360 
183904 
331361 
183905 
200291 
200292 
200293 
167526 
200294 
134759 
167527 
167528 
331371 
331372 
331373 
331374 
544376 
331387 
331388 
331389 
200317 
265854 
200318 
265855 
200319 
265856 
200320 
331397 
183941 
331398 
167558 
183942 
331399 
167559 
183943 
331400 
167560 
183944 
167561 
200329 
544394 
134794 
200330 
544395 
134795 
167563 
200331 
134796 
200332 
265869 
265870 
331407 
265871 
331408 
331409 
167572 
265877 
167573 
265878 
167574 
183958 
429719 
265879 
183959 
429720 
331416 
183960 
429721 
331417 
183961 
331418 
429724 
151196 
429725 
151197 
429726 
151198 
429729 
429730 
429731 
265898 
265899 
233131 
183979 
265900 
331437 
265901 
331438 
331439 
200367 
331440 
151216 
200368 
265905 
151217 
200369 
265906 
151218 
200370 
265907 
151219 
265908 
331445 
429750 
429751 
429752 
265915 
265916 
233148 
331453 
265917 
167613 
331454 
265918 
167614 
331455 
167615 
331456 
167616 
184003 
331462 
151239 
184008 
184009 
184010 
331468 
331469 
331470 
134863 
151247 
151248 
151249 
167634 
167635 
167636 
167637 
331478 
331479 
331480 
265945 
265946 
265947 
151259 
151260 
151261 
200415 
167649 
200417 
200418 
184035 
200419 
265956 
184036 
265957 
184037 
265958 
151272 
151273 
265962 
151274 
265963 
151275 
265964 
167669 
184056 
184057 
184058 
184059 
200444 
200447 
200448 
200449 
200457 
167690 
200458 
167691 
200459 
167692 
200460 
167693 
134926 
134928 
266005 
151319 
151320 
151321 
266010 
151322 
266015 
167713 
167714 
167715 
167716 
266022 
266023 
200487 
266024 
200488 
266025 
184105 
200489 
200490 
151339 
151340 
151341 
151342 
184121 
151354 
151355 
151356 
167743 
167744 
167745 
167752 
184136 
167753 
184137 
167754 
184138 
184139 
184151 
184152 
184153 
184154 
184162 
184163 
184164 
118632 
118640 
118641 
118642 
184184 
184185 
184186 
118655 
118656 
118657 
118664 
118665 
118666 
118667 
200589 
184207 
200591 
200592 
200593 
167829 
118678 
167830 
118679 
167831 
266136 
118680 
266137 
266138 
118691 
266148 
118692 
266149 
118693 
266150 
200616 
184233 
184234 
200618 
184235 
200619 
118700 
184236 
200620 
118701 
118702 
118707 
118708 
118709 
167868 
167869 
118718 
167870 
118719 
118720 
331719 
118727 
118728 
135112 
118729 
118732 
118733 
118734 
167887 
167888 
167889 
167890 
184280 
118748 
118749 
184285 
118750 
184286 
331743 
118751 
184287 
184288 
266209 
266210 
266211 
118756 
167908 
118757 
167909 
118758 
135142 
167910 
135143 
184300 
200688 
184305 
118770 
167922 
184306 
118771 
167923 
184307 
266228 
118772 
167924 
184308 
266229 
118773 
200693 
266230 
200694 
266231 
200695 
266236 
266237 
266238 
167934 
331775 
266239 
184320 
266241 
184321 
266242 
167938 
184322 
266243 
266244 
200710 
200711 
200712 
167947 
167948 
167949 
184343 
184344 
331801 
184345 
331802 
331803 
331804 
200734 
200735 
200736 
118817 
331810 
331811 
118819 
331812 
167973 
167974 
167975 
184359 
266280 
184360 
266281 
184361 
266282 
266283 
266286 
167982 
266287 
167983 
331824 
167984 
167985 
184373 
266294 
184374 
266295 
167991 
184375 
266296 
200763 
200764 
200765 
266302 
200766 
331840 
266304 
331841 
331842 
331843 
168003 
331844 
168004 
168005 
184390 
168011 
184395 
266316 
168012 
184396 
184397 
266318 
184398 
331856 
168016 
331857 
331858 
331859 
200787 
200788 
200789 
200790 
168024 
184408 
168025 
168026 
331868 
331869 
184413 
331870 
135262 
168030 
184414 
331871 
168031 
184415 
168032 
184416 
168033 
331875 
168035 
331876 
331877 
331878 
168041 
168042 
168043 
331884 
331885 
331886 
184430 
331887 
184431 
184432 
168049 
168050 
168051 
168052 
266360 
266361 
331898 
331899 
331900 
184446 
184447 
184448 
200832 
200836 
200837 
200838 
331911 
331912 
331913 
184460 
184461 
184462 
184463 
331922 
331923 
184467 
331924 
184474 
184475 
331932 
184476 
331933 
200861 
331934 
266399 
184480 
168097 
200866 
331939 
200867 
200868 
184489 
184490 
184491 
331952 
184496 
331953 
331954 
200882 
184499 
184500 
184501 
200887 
200888 
200889 
184509 
168135 
168136 
168137 
331978 
168138 
331979 
184523 
331980 
331981 
200926 
184543 
184544 
184545 
184546 
332003 
168163 
200931 
332004 
168164 
200932 
332005 
168165 
200933 
332006 
168166 
266474 
266477 
233711 
332017 
184563 
184568 
332025 
332026 
332027 
184572 
184579 
168198 
168199 
168200 
332041 
168201 
332042 
184586 
332043 
332044 
332048 
332049 
332050 
332051 
266525 
184605 
266526 
184606 
266527 
184607 
184608 
200992 
135457 
200996 
200997 
200998 
168233 
168234 
315691 
168235 
315692 
168236 
184626 
184627 
184628 
184629 
184631 
201019 
201023 
266560 
201024 
266561 
201025 
266562 
184645 
184646 
168263 
184647 
184648 
184657 
184665 
266589 
184669 
266590 
266591 
266592 
184673 
184686 
184690 
233845 
233851 
233852 
233853 
184703 
184704 
233857 
184705 
184706 
266628 
233862 
233863 
184711 
233864 
184712 
184713 
184714 
266640 
168342 
184727 
184728 
184729 
184730 
184732 
168352 
201122 
201123 
201124 
201125 
184743 
201127 
184746 
184747 
184748 
201136 
184755 
184758 
184759 
184760 
233917 
233922 
233923 
184771 
233924 
184774 
233927 
184775 
201159 
184776 
184777 
233932 
184780 
233933 
184781 
201165 
233934 
184782 
201171 
201175 
184792 
168409 
184793 
168410 
184794 
168411 
184795 
201183 
299490 
446949 
446950 
299494 
184806 
184807 
299496 
184808 
184809 
299498 
168427 
168428 
168429 
201197 
299502 
168430 
201198 
299503 
201199 
299504 
201200 
299506 
446964 
299508 
299509 
299510 
299512 
233977 
184825 
299514 
233978 
299515 
233979 
299516 
233980 
184832 
233985 
168449 
184833 
201217 
168450 
184834 
201218 
168451 
184835 
201219 
201220 
201223 
201224 
201225 
233995 
233996 
233997 
168463 
168464 
168465 
184851 
184852 
184853 
184854 
201239 
184857 
184858 
184859 
299551 
299552 
299553 
299554 
184873 
184874 
201258 
184875 
201259 
201260 
201261 
201268 
201269 
201270 
299583 
234052 
299589 
234053 
299590 
234054 
299591 
234055 
299592 
184907 
234060 
184908 
184909 
184910 
184914 
184915 
184916 
184917 
234071 
234072 
184920 
234073 
184921 
184922 
184923 
299614 
299615 
299616 
201317 
201318 
201319 
299626 
299627 
299628 
184940 
299629 
119408 
119409 
119410 
184954 
184955 
184956 
184957 
299646 
184958 
201342 
299647 
201343 
299648 
201344 
299649 
201345 
184964 
201348 
201349 
135814 
201350 
201351 
299656 
299657 
299658 
283279 
184978 
184979 
184980 
184981 
184982 
234137 
234142 
168606 
234143 
168607 
234144 
168608 
168609 
234148 
283302 
234153 
234154 
234155 
168627 
168628 
168629 
168630 
201399 
201400 
201401 
185026 
168644 
168645 
168646 
168647 
201415 
201416 
201417 
201418 
234202 
185050 
201437 
332510 
201438 
332511 
234207 
201439 
332512 
234208 
201440 
234209 
201443 
201444 
201445 
299750 
201446 
332519 
168679 
332520 
168680 
332521 
168681 
135914 
201452 
234221 
332528 
332529 
332530 
234227 
234228 
168692 
234229 
168693 
168694 
185078 
201463 
201464 
201465 
299770 
332541 
201470 
201471 
201472 
201473 
299782 
201483 
332557 
168717 
332558 
168718 
332559 
168719 
332560 
168720 
185104 
201489 
299794 
185106 
201490 
299795 
201491 
299796 
201492 
168726 
168727 
168728 
332571 
332572 
332573 
332574 
185118 
185120 
332578 
332579 
332580 
332581 
201509 
168745 
201515 
201516 
201517 
201518 
332592 
332593 
332594 
332595 
168755 
185139 
201524 
332598 
332599 
332600 
332601 
185145 
332604 
332605 
332606 
332607 
201535 
201536 
332609 
168769 
201537 
168770 
168771 
168777 
201545 
152394 
168778 
201546 
168779 
201547 
332620 
201548 
332621 
152400 
119633 
152401 
119634 
152402 
119635 
201556 
201557 
201558 
201559 
332632 
185177 
185178 
152412 
119645 
152413 
119646 
152414 
332639 
119647 
152415 
332640 
119648 
332641 
152418 
201573 
152423 
152424 
152425 
332652 
185196 
201580 
185197 
201581 
185198 
201582 
185199 
201583 
332657 
234358 
185206 
234359 
185207 
234360 
185208 
234365 
234366 
234367 
201602 
152451 
201603 
152452 
168836 
201604 
152453 
168837 
201605 
168838 
201606 
168839 
152461 
152462 
152463 
152464 
185232 
185233 
185234 
185235 
119701 
119702 
119703 
119704 
152473 
168857 
185241 
168858 
168859 
168860 
332701 
152478 
152479 
152480 
152483 
152484 
152485 
152486 
201640 
332717 
332718 
152495 
201647 
332720 
201648 
185265 
201649 
168882 
185266 
168883 
152500 
168884 
152501 
152502 
119740 
168892 
168893 
168894 
119744 
119745 
119746 
152518 
201672 
332749 
152525 
201677 
152526 
201678 
152527 
201679 
152528 
332754 
185298 
185300 
234454 
234455 
234456 
234457 
168929 
201699 
201700 
201701 
201702 
119783 
119784 
119785 
119786 
152555 
234483 
168947 
234484 
168948 
234485 
234486 
119798 
201718 
119799 
119800 
119801 
332801 
168962 
168963 
168965 
152583 
152584 
152585 
152586 
119819 
234509 
119821 
234510 
119822 
234511 
234517 
234518 
234519 
332827 
332828 
168991 
168992 
168993 
201761 
201765 
152616 
152617 
152618 
201773 
152625 
201777 
152626 
152627 
169013 
169014 
152631 
169015 
201787 
234558 
152640 
152641 
152642 
201794 
234563 
234564 
234565 
152645 
152646 
152647 
152648 
201800 
169036 
152653 
169037 
169038 
201806 
234577 
152658 
152659 
152660 
234582 
234583 
234584 
201816 
201820 
152671 
234597 
234598 
234599 
234600 
169064 
169065 
152682 
169066 
152683 
152684 
201836 
152685 
201844 
201845 
169078 
201846 
234618 
234619 
234620 
152700 
234621 
152701 
152702 
300159 
152703 
300160 
152704 
300161 
201857 
201862 
152711 
201863 
152712 
201864 
152713 
201866 
152719 
152720 
152721 
300178 
332947 
300179 
169107 
300180 
332949 
152725 
152726 
152727 
152730 
201882 
152731 
152732 
201885 
201886 
234655 
201887 
234656 
332961 
234657 
234658 
152739 
152740 
152741 
152742 
152750 
119983 
152751 
201903 
119984 
152752 
119985 
201906 
201907 
201908 
152764 
152765 
152766 
119999 
152767 
120000 
120001 
152769 
152770 
152771 
152781 
152782 
152783 
120021 
120022 
120023 
120024 
152795 
152796 
152797 
234725 
234726 
234727 
152807 
234728 
152808 
152809 
152810 
120046 
120047 
120048 
201968 
120049 
201969 
201970 
234752 
120068 
120069 
152837 
120070 
234762 
120077 
120078 
120079 
120080 
120091 
120092 
234781 
120093 
234782 
120094 
234783 
202015 
202016 
202017 
202018 
300327 
300328 
300329 
300330 
120106 
120107 
120108 
120109 
234798 
234799 
234800 
202032 
202033 
202034 
202035 
300343 
300349 
202050 
300355 
185667 
234820 
234821 
234822 
169288 
120138 
169290 
120139 
120140 
120141 
234832 
234833 
234834 
120148 
120149 
120150 
120151 
202071 
300380 
169309 
202081 
300386 
202089 
300398 
300399 
300400 
202096 
300401 
202097 
202098 
202099 
120180 
234869 
120181 
234870 
120182 
234871 
120183 
333176 
234872 
300409 
300415 
202111 
300416 
300417 
234881 
234882 
234883 
234884 
120196 
120197 
202117 
120198 
300423 
120199 
300430 
333199 
300431 
333200 
300432 
333201 
333202 
120213 
120214 
120215 
120216 
202138 
202139 
202140 
234912 
234915 
234916 
234917 
300455 
300456 
300457 
300458 
300466 
202162 
300467 
202163 
300468 
202164 
300469 
120247 
202167 
120248 
120249 
120250 
234942 
202174 
300480 
300481 
234945 
300482 
234946 
300483 
234947 
300486 
300487 
300488 
333260 
333262 
333263 
333268 
120276 
300507 
120283 
300508 
120284 
300509 
120285 
300510 
300515 
300516 
300517 
300518 
202221 
300526 
202222 
300527 
202223 
300528 
202224 
120306 
120307 
333300 
120308 
120309 
300542 
300543 
300544 
300545 
120321 
300549 
333318 
300550 
300551 
120327 
202247 
333320 
120328 
202248 
120329 
202249 
202250 
300558 
300559 
333328 
300560 
300564 
300565 
300566 
120347 
120348 
120349 
202269 
120350 
202270 
202271 
202272 
202281 
202282 
202283 
202284 
120370 
120371 
120372 
120373 
333370 
120383 
333379 
120388 
267847 
267848 
267849 
235081 
235082 
120394 
235083 
235084 
235093 
267862 
235094 
267863 
235095 
267864 
235096 
120412 
202332 
120413 
202333 
120414 
202334 
120415 
202335 
235104 
235107 
235108 
235109 
202346 
202347 
202348 
202349 
202350 
267891 
267892 
267893 
120438 
120439 
120440 
120441 
202361 
202362 
202363 
267900 
267901 
235133 
120445 
267902 
120446 
235135 
120447 
235136 
120448 
235137 
202371 
267908 
202372 
267909 
202373 
267910 
202374 
267915 
267916 
267917 
202383 
202384 
202385 
120466 
202386 
202397 
202398 
202399 
202400 
202401 
202406 
202407 
202408 
333481 
202409 
333482 
120490 
120491 
235180 
120492 
235181 
120493 
235182 
235183 
120496 
202419 
120500 
120501 
120502 
333497 
202425 
333498 
333499 
120511 
120512 
202432 
120513 
120514 
333508 
202436 
333509 
333510 
333511 
235207 
120519 
235208 
120520 
235209 
120521 
202441 
235210 
202442 
202443 
202444 
120526 
120527 
120528 
120529 
120540 
120541 
120542 
202465 
202466 
202467 
202468 
202474 
120557 
202477 
120558 
120559 
120560 
169719 
202487 
202494 
202495 
202496 
202497 
268035 
268036 
268037 
202501 
120582 
202502 
120583 
202503 
120584 
202504 
120585 
202513 
202514 
202515 
120607 
120608 
202528 
120609 
202529 
202530 
202531 
120613 
120614 
120615 
153400 
202552 
235321 
153401 
202553 
235322 
153402 
202554 
235323 
235324 
120636 
153404 
153405 
202557 
153406 
202558 
202559 
120642 
235332 
235333 
235334 
202566 
235335 
202567 
120648 
153416 
202568 
153417 
202569 
153418 
202572 
153421 
153422 
153423 
202580 
153429 
153430 
153431 
120664 
153432 
120665 
120666 
202589 
120670 
202590 
120671 
202591 
120672 
153442 
202609 
202610 
120691 
202611 
202612 
71542 
71545 
71546 
71547 
202619 
202620 
202621 
120702 
120703 
71552 
120704 
120705 
169858 
169859 
202628 
202636 
202637 
202638 
202639 
71570 
120724 
120725 
120726 
153494 
235415 
120727 
153495 
235416 
153496 
235417 
71577 
153497 
235418 
71578 
202650 
71579 
202651 
202652 
202653 
71583 
120735 
71584 
120736 
71585 
120737 
71586 
120738 
202660 
153509 
202661 
202662 
202663 
153514 
153515 
153516 
120749 
202669 
153519 
120756 
202682 
120769 
120771 
202700 
202705 
202706 
120787 
202707 
120788 
120789 
120790 
235483 
235484 
235485 
235486 
120799 
202722 
202723 
71652 
202724 
202725 
71655 
71656 
71657 
202735 
202736 
202737 
202738 
71668 
153591 
202748 
71679 
153602 
202754 
153603 
153604 
153605 
71687 
71688 
71689 
153609 
153610 
202762 
153611 
202763 
153612 
202764 
202765 
71700 
71701 
71702 
71703 
202777 
202778 
235547 
202779 
235548 
235549 
235550 
202786 
120877 
268336 
153648 
153649 
153650 
153651 
202803 
153662 
235583 
153663 
235584 
153664 
235585 
235586 
202821 
202822 
202823 
153672 
202824 
153673 
153674 
235596 
235602 
235603 
202835 
235604 
153685 
153686 
153687 
202840 
202841 
202842 
202844 
202845 
202846 
202847 
153699 
235620 
153700 
153701 
153702 
153704 
153705 
235626 
153706 
235627 
120939 
235628 
120940 
153711 
153712 
235633 
153713 
235639 
202874 
71803 
202883 
120964 
120965 
120966 
120967 
202887 
202898 
235667 
202899 
235668 
202900 
235669 
202901 
235677 
235678 
235679 
202913 
202914 
202915 
202916 
202917 
235696 
121008 
235697 
235698 
235699 
202935 
202936 
202937 
235707 
121020 
121022 
235712 
153792 
235713 
153793 
235714 
153794 
153803 
202955 
153804 
202956 
153805 
202957 
235726 
153806 
235727 
235728 
235729 
153814 
153815 
153816 
153820 
153821 
153822 
202977 
121058 
202978 
121059 
202979 
202980 
202986 
235755 
202987 
235756 
202988 
235757 
202989 
235758 
121076 
235768 
235769 
235770 
235771 
203010 
203011 
203012 
203015 
203016 
203017 
203018 
235791 
235796 
235797 
235798 
235800 
203034 
203035 
203036 
203037 
203041 
203042 
203043 
203053 
235822 
203061 
203066 
235835 
235836 
235837 
235838 
235850 
235851 
203083 
235852 
235853 
203097 
203098 
203099 
203100 
203107 
203108 
203109 
235884 
235885 
235886 
235887 
203125 
203126 
203127 
203128 
203129 
203134 
235909 
235910 
235911 
235912 
203150 
203151 
203152 
203153 
235924 
235925 
235926 
235927 
203160 
203171 
203172 
235941 
203173 
235942 
203174 
235943 
203178 
203179 
203180 
203181 
203195 
203196 
235965 
203197 
203198 
235972 
235978 
203210 
235979 
203211 
235980 
203212 
203218 
235987 
203219 
203220 
203221 
235992 
235993 
235994 
203231 
203239 
203240 
203241 
203242 
203248 
236021 
236022 
236023 
236024 
203257 
203258 
203259 
203262 
547329 
203267 
203268 
547333 
203269 
547335 
236052 
203288 
236057 
236058 
236059 
203293 
203294 
203295 
236067 
203300 
203301 
203302 
203303 
236072 
236073 
203305 
236074 
203314 
203315 
236084 
203316 
236085 
236086 
236097 
236098 
236099 
236100 
203339 
203340 
203341 
203342 
203356 
154205 
203357 
203358 
236127 
154207 
203359 
203361 
514667 
203371 
203372 
203373 
203376 
236145 
203377 
203378 
203379 
203385 
236159 
203397 
236171 
203403 
203404 
203405 
203406 
236187 
203419 
236188 
236189 
236190 
203423 
203432 
203439 
236213 
236214 
236215 
236216 
203452 
203453 
203454 
203455 
236225 
203458 
203459 
203460 
236234 
203474 
203475 
203476 
203477 
154329 
154330 
154331 
154332 
203488 
203489 
203490 
154339 
203491 
203497 
154346 
154347 
154348 
203503 
203504 
203505 
203518 
203519 
203520 
203521 
236296 
236297 
236298 
236299 
203536 
154387 
154388 
203540 
154389 
236319 
154399 
236320 
154400 
236321 
154401 
236322 
203563 
203564 
203565 
203566 
154417 
154418 
154419 
203572 
203573 
154422 
203574 
154423 
154424 
154428 
154429 
154430 
236354 
203586 
203587 
203588 
154437 
203589 
154438 
154439 
236364 
236365 
236366 
154446 
154447 
154448 
203603 
203604 
236373 
203605 
236378 
236379 
236380 
154463 
154469 
154470 
154471 
236395 
203627 
154476 
203628 
203629 
203630 
236400 
154480 
236401 
236402 
154486 
154487 
203639 
154488 
203640 
203641 
236411 
203646 
203647 
236416 
154496 
203648 
236417 
203649 
236418 
203654 
203655 
203656 
154514 
236435 
154515 
236436 
154516 
236437 
203672 
203673 
203674 
203675 
236445 
236446 
236447 
203679 
154528 
154529 
154530 
203683 
203689 
203690 
203691 
236460 
203692 
236461 
236462 
236473 
236474 
236475 
154556 
236485 
203717 
203718 
203719 
203720 
154574 
236495 
154584 
236505 
154585 
236506 
154586 
236507 
236508 
203741 
236510 
203742 
203743 
203744 
236520 
236521 
236522 
154605 
154606 
154607 
236532 
203766 
203767 
203768 
236537 
203769 
236538 
236539 
236542 
236543 
154623 
236544 
154624 
236545 
154625 
154626 
236554 
154635 
236558 
154638 
203790 
154639 
203791 
154640 
203792 
154641 
203793 
236563 
236564 
236565 
154651 
236580 
154660 
236581 
154661 
236582 
154662 
236583 
154663 
203815 
236586 
154666 
236587 
154667 
236588 
154668 
236589 
154669 
203824 
154682 
203834 
154683 
203835 
154684 
203836 
154685 
203837 
236606 
203838 
154690 
154691 
236612 
154692 
236613 
236614 
203848 
203849 
203850 
203858 
203859 
203860 
236633 
203874 
203875 
203876 
236647 
236648 
236649 
236650 
154731 
236663 
203895 
203896 
203897 
203906 
236675 
203907 
236676 
203908 
236677 
236683 
203923 
203924 
203925 
203926 
236697 
236704 
236705 
236706 
203957 
203958 
203959 
203960 
236729 
154811 
236734 
236735 
236736 
236744 
236745 
203977 
236746 
203978 
236747 
203979 
203980 
236768 
236769 
236770 
204002 
236771 
204003 
204004 
204005 
204026 
204027 
204028 
204029 
236811 
236812 
236813 
236814 
204049 
204050 
204051 
204052 
236826 
236827 
236828 
236829 
367906 
204070 
204071 
204072 
204073 
236848 
236849 
236850 
236851 
204086 
204087 
204088 
204089 
204105 
204106 
204107 
204108 
236878 
236879 
236880 
236881 
204128 
236897 
204129 
204130 
204131 
236901 
236903 
236904 
236905 
236918 
236924 
236925 
204157 
236926 
204158 
236927 
204159 
204160 
236934 
236935 
236936 
400781 
204173 
400782 
204174 
400783 
204175 
400784 
236944 
204176 
236945 
236946 
236957 
400801 
204195 
204196 
204197 
204198 
253354 
253355 
204203 
253356 
204204 
204205 
204206 
236978 
236979 
236980 
236981 
236984 
204217 
204229 
253403 
253404 
237020 
253405 
237021 
237022 
237023 
204267 
237036 
237037 
237038 
237039 
204275 
204276 
204277 
237050 
204289 
253442 
253443 
253444 
237060 
237061 
237062 
204294 
204295 
204296 
204297 
204302 
237071 
237072 
237073 
204314 
237084 
237085 
237086 
237087 
204322 
204323 
204324 
237097 
237108 
204342 
204343 
204344 
237115 
204348 
204349 
204350 
237124 
237125 
237126 
204358 
204359 
204360 
204361 
237136 
237137 
237138 
237139 
204375 
204376 
204377 
204378 
237159 
204394 
204395 
204396 
204397 
237171 
237172 
237173 
237174 
204410 
237179 
204411 
204412 
237189 
237190 
237195 
204432 
237205 
237206 
237207 
204439 
204440 
204441 
237214 
237215 
237216 
237217 
237223 
204461 
204466 
204467 
204468 
237247 
237248 
237249 
237250 
204499 
204500 
204501 
204502 
204507 
204508 
204509 
204510 
237285 
237286 
237287 
237288 
237290 
204522 
204523 
204524 
237307 
253692 
253693 
253694 
253701 
253702 
253703 
204553 
237322 
237323 
237324 
237325 
204558 
204559 
204560 
188177 
253716 
253717 
204565 
253718 
204566 
253719 
188183 
204567 
188184 
204568 
188185 
253726 
253727 
253728 
237345 
237346 
237347 
237348 
188197 
237350 
204582 
237351 
237352 
204584 
237353 
188201 
204585 
237355 
188207 
237360 
188208 
237361 
188209 
188212 
204601 
335674 
237373 
204606 
237375 
204607 
237376 
204608 
335681 
237377 
188227 
204611 
188228 
204612 
188229 
204613 
188230 
204614 
335687 
237387 
335692 
237388 
335693 
237389 
188237 
335694 
237390 
237391 
204624 
237396 
237397 
204629 
237398 
204630 
204631 
188249 
204633 
188250 
188251 
188252 
188257 
237414 
237415 
204647 
237416 
237417 
204653 
204654 
237424 
270197 
270198 
270199 
237434 
204666 
237435 
204668 
270207 
270208 
270209 
204682 
188302 
188303 
188304 
204688 
204689 
204690 
204702 
270241 
270242 
270243 
204707 
188324 
204708 
188325 
204709 
335782 
188326 
188327 
270248 
270249 
270250 
188341 
204729 
237498 
188346 
188347 
237500 
188348 
237501 
204734 
204735 
204736 
188354 
188360 
204745 
204750 
204751 
237520 
204752 
155606 
155610 
204768 
204769 
204776 
204778 
155629 
237550 
204782 
188403 
188404 
188405 
188406 
172023 
172024 
237561 
172025 
237562 
204794 
237563 
237564 
172032 
237569 
172033 
172034 
204806 
237576 
237577 
237578 
237579 
172043 
172044 
172045 
155662 
172046 
188433 
155666 
188434 
188435 
204819 
204820 
204821 
253975 
253976 
253977 
188443 
237596 
188444 
237597 
188445 
237598 
237599 
204834 
188454 
188455 
188456 
188457 
155697 
172086 
237624 
204856 
237625 
204857 
237626 
172090 
204858 
237627 
172091 
204859 
172092 
155713 
155714 
155715 
172101 
188486 
188487 
188488 
172105 
188489 
172106 
172107 
172110 
204878 
204879 
204880 
237649 
188498 
172116 
172117 
172118 
155738 
237659 
155739 
188507 
155740 
188508 
155741 
188509 
237666 
188514 
204898 
188515 
188516 
188517 
172135 
106601 
172141 
172142 
106607 
172143 
106611 
237684 
106612 
155764 
106613 
155765 
237686 
106614 
155766 
155767 
204920 
237690 
237691 
237692 
204924 
204925 
204926 
204930 
237700 
237701 
237702 
204934 
237703 
155783 
204935 
155784 
204936 
237705 
155785 
237706 
155786 
172170 
237707 
188556 
188557 
106638 
188558 
106639 
188559 
106640 
106641 
172178 
172179 
204947 
172180 
188565 
188566 
188567 
106648 
188568 
204952 
204953 
237722 
172186 
204954 
237723 
172187 
204955 
237724 
172188 
237725 
172189 
106655 
106656 
106657 
106660 
204964 
155814 
270503 
155815 
270504 
155816 
270505 
155817 
204970 
204975 
204976 
188593 
204977 
155828 
237749 
155829 
270518 
155830 
270519 
270520 
172217 
172218 
172219 
188603 
172220 
188604 
188605 
188607 
188608 
188609 
204993 
188610 
204994 
155843 
172227 
204995 
172228 
172229 
172230 
204999 
205000 
205001 
155851 
237774 
188627 
188628 
188629 
205013 
188630 
155865 
205018 
205019 
205020 
188638 
188639 
188640 
188641 
237795 
237796 
205028 
237797 
237798 
205033 
237802 
205034 
237803 
205035 
237804 
237805 
205038 
237807 
237808 
237809 
188657 
237810 
188658 
188659 
205044 
254197 
205045 
254198 
254199 
254203 
254204 
254205 
155903 
188674 
188680 
205064 
188681 
188682 
188683 
205071 
205076 
205077 
205078 
237852 
188700 
237853 
237854 
237855 
188704 
205090 
205095 
205096 
270633 
270634 
270635 
188717 
188718 
188719 
188720 
237874 
237875 
237876 
237877 
106819 
106820 
106821 
205126 
205127 
205128 
106828 
106834 
106835 
188755 
106836 
205149 
106854 
205162 
205167 
205168 
205169 
205182 
205189 
188806 
205194 
205195 
106892 
205196 
106893 
106894 
106895 
188816 
188817 
188818 
106903 
106904 
106905 
106906 
188826 
188827 
188828 
188829 
205216 
205221 
205222 
205223 
188846 
106927 
188847 
188848 
188849 
156090 
106944 
106945 
106946 
106947 
205253 
106951 
106952 
106953 
106954 
205258 
205259 
270796 
205260 
270797 
270798 
188885 
106966 
188886 
254423 
106967 
188887 
254424 
238040 
106968 
188888 
270809 
254425 
106969 
270810 
270811 
106973 
106974 
106975 
238054 
106985 
205294 
205295 
205296 
205297 
238068 
238069 
188917 
238070 
238071 
205303 
205304 
270841 
238073 
205305 
270842 
270843 
107003 
188923 
107004 
188924 
107005 
188925 
107006 
205311 
188929 
238085 
270854 
188934 
270855 
188935 
270856 
188936 
254479 
107023 
254480 
107024 
254481 
107025 
107026 
205332 
107029 
205333 
205334 
205335 
238104 
238105 
238106 
238107 
107044 
107045 
107046 
107047 
205353 
205354 
205355 
107053 
205361 
188981 
107063 
107065 
107066 
107070 
107071 
107072 
107073 
205383 
107080 
205384 
205385 
107084 
189004 
107085 
107086 
205392 
205393 
238162 
205394 
238163 
238164 
238165 
107093 
238167 
238168 
238169 
254557 
254559 
189023 
107104 
189024 
205408 
189025 
205409 
205410 
205411 
254566 
254567 
254568 
189050 
189051 
189052 
205445 
205446 
205447 
205448 
189067 
189068 
189069 
123543 
123544 
123545 
123546 
189087 
189088 
189089 
123554 
123555 
123556 
205476 
123557 
205477 
205478 
205479 
123565 
123566 
123567 
271027 
271028 
205499 
123582 
123583 
123584 
271045 
123589 
271046 
123595 
123596 
123597 
123598 
189141 
123606 
189142 
123607 
189143 
123608 
123609 
123617 
123618 
123619 
205541 
205542 
205543 
205544 
123630 
123631 
189167 
123632 
189168 
189169 
205560 
205561 
123642 
205562 
205563 
189183 
238341 
238342 
238343 
238344 
189204 
123674 
320283 
123675 
320284 
123676 
320285 
123677 
123683 
123692 
123698 
123699 
123700 
205620 
123701 
205621 
205622 
189239 
205623 
189240 
189241 
123706 
238400 
238401 
238402 
238403 
205641 
205642 
205643 
123724 
189260 
205644 
123725 
189261 
123726 
189262 
123727 
123735 
189271 
123736 
189272 
123737 
189273 
123738 
189274 
205662 
205663 
172896 
205664 
172897 
205665 
172898 
172899 
238438 
189288 
123753 
189289 
123754 
189290 
123755 
189291 
123756 
238447 
238448 
238449 
172913 
238450 
172914 
172915 
205691 
205693 
205694 
238469 
189317 
238470 
238471 
238472 
172940 
172941 
172942 
123794 
172947 
172948 
205716 
172949 
123798 
205718 
238494 
238495 
238496 
123808 
172960 
238497 
172961 
172962 
172963 
205733 
123814 
172966 
205734 
123815 
172967 
205735 
123816 
172968 
205736 
123817 
172969 
189353 
238509 
238510 
238511 
172975 
254896 
238512 
172976 
254897 
172977 
254898 
172978 
254903 
254904 
254905 
189375 
238528 
189376 
238529 
189377 
238530 
189378 
238531 
172996 
172997 
172998 
172999 
238547 
238548 
189396 
238549 
189397 
238550 
189398 
189399 
189406 
189407 
189408 
173027 
173028 
173029 
173030 
205798 
205799 
205800 
205801 
173034 
123883 
238574 
123887 
173041 
238578 
173042 
238579 
173043 
238580 
123895 
123896 
123897 
123898 
189438 
205826 
205827 
205828 
205829 
189448 
173066 
173067 
173068 
173069 
189453 
123918 
189454 
189455 
205842 
123923 
205843 
123924 
205844 
123925 
205845 
238614 
238615 
123927 
238616 
173080 
238617 
173081 
173082 
123931 
173083 
189473 
173090 
189474 
123939 
189475 
123940 
189476 
205860 
205861 
205862 
205863 
238646 
189494 
238647 
123959 
189495 
238648 
189496 
238649 
189497 
205883 
205884 
123965 
189501 
205885 
123966 
189502 
205886 
123967 
189503 
189504 
173122 
123975 
123976 
123977 
189518 
238678 
205910 
238679 
205911 
238680 
205912 
238681 
189529 
205913 
123996 
123997 
123998 
189534 
189535 
189536 
124001 
189537 
205927 
205928 
205929 
205930 
238700 
238701 
189549 
238702 
124014 
238703 
124015 
124016 
124017 
189557 
255094 
255095 
255096 
205949 
205950 
124031 
205951 
124032 
205952 
124033 
435330 
124034 
435331 
271491 
435332 
271492 
205957 
173190 
205958 
238727 
205959 
238728 
173192 
205960 
238729 
238730 
124042 
255115 
124043 
255116 
124044 
255117 
124045 
124049 
124050 
124051 
173207 
173208 
173209 
189596 
255133 
255134 
255135 
205984 
205985 
205986 
205987 
124068 
435365 
124069 
435366 
124070 
435367 
124074 
124075 
124076 
124078 
124079 
124080 
189619 
189620 
124085 
189621 
124086 
189622 
124087 
124088 
255163 
435391 
206015 
435392 
206016 
435393 
206017 
206018 
206020 
124103 
124104 
124105 
124106 
238796 
124108 
238797 
124109 
238798 
124110 
206030 
255183 
238799 
206031 
206032 
206033 
189650 
189651 
435412 
189652 
435413 
189653 
435414 
435422 
435423 
435424 
189667 
189668 
189669 
189670 
206063 
206064 
206065 
206066 
206075 
124156 
206076 
206077 
238849 
189697 
238853 
238854 
124166 
238855 
124167 
124168 
124169 
435466 
435467 
435468 
206095 
206096 
206097 
206098 
435475 
435476 
124180 
435477 
189718 
435480 
238872 
435481 
435482 
124187 
238876 
238877 
238878 
435487 
206111 
435488 
206112 
435489 
206113 
206114 
124195 
124196 
189732 
124197 
124198 
238887 
189739 
124209 
238898 
124215 
124216 
435521 
189762 
206146 
124227 
189763 
189764 
206148 
189765 
206167 
206168 
206169 
206170 
189787 
189788 
189789 
189790 
238949 
238954 
206186 
238955 
189803 
238956 
435567 
238961 
189809 
238965 
238966 
238967 
124286 
206209 
206210 
206211 
206212 
238984 
238985 
238986 
206218 
238987 
189838 
189839 
206223 
189840 
206224 
189841 
206225 
435609 
435610 
435611 
435613 
435615 
206242 
206243 
206244 
206245 
239014 
239015 
239016 
239017 
189868 
189869 
206253 
189870 
189871 
206255 
206256 
107965 
107966 
107967 
107968 
107980 
206284 
189904 
206294 
107991 
107992 
107993 
107994 
189914 
189915 
189916 
189923 
189928 
189929 
108010 
189930 
108011 
108012 
108013 
189946 
206330 
206335 
206336 
206337 
239108 
239109 
189957 
239110 
189958 
239111 
189959 
189960 
108041 
108042 
108043 
108044 
189964 
189965 
189966 
206350 
206352 
206353 
206354 
239123 
239124 
239125 
239126 
189992 
189993 
189994 
189995 
206379 
189998 
206382 
189999 
206383 
190000 
206384 
190001 
108087 
108088 
206392 
108089 
108090 
206397 
255550 
206398 
255551 
206399 
255552 
108101 
190023 
190024 
190025 
190026 
108115 
239194 
255579 
255580 
255581 
108125 
190045 
190046 
190047 
190048 
239204 
108135 
255593 
255594 
108138 
255595 
108139 
108140 
108141 
108149 
190072 
190073 
190074 
190075 
190077 
190078 
190079 
190080 
206464 
206465 
206466 
108164 
108166 
108167 
75408 
75411 
206483 
75412 
75413 
190101 
206485 
190102 
206486 
190103 
206487 
75424 
108192 
75425 
108193 
75426 
108194 
75427 
108195 
108201 
108202 
108203 
108204 
108206 
206510 
206512 
190129 
206513 
206514 
108216 
75459 
75460 
75461 
75462 
108230 
206536 
206537 
206538 
190158 
206571 
206581 
206588 
206589 
206600 
206602 
206603 
75538 
206610 
435987 
75541 
75542 
75543 
206616 
206617 
75551 
206624 
206626 
206627 
190251 
75565 
206639 
190257 
190259 
206644 
75573 
75574 
75575 
206649 
206650 
206652 
75583 
75584 
239425 
75585 
239426 
75586 
239427 
190277 
190278 
239431 
239432 
239433 
206666 
206667 
206684 
206685 
206686 
206687 
206689 
206703 
206709 
206710 
206711 
206712 
206719 
206729 
206730 
206732 
239501 
206746 
206750 
239537 
239541 
239542 
239543 
190402 
190404 
239563 
239567 
206799 
239568 
206800 
239569 
206801 
206802 
190425 
190430 
206814 
206815 
206816 
206817 
239601 
239602 
239603 
206837 
206838 
206839 
239608 
206840 
239609 
239610 
206858 
206859 
206860 
206861 
206901 
206913 
206914 
206915 
206916 
239700 
239701 
206933 
239702 
206934 
206935 
206936 
206949 
206950 
206951 
206952 
190569 
239725 
239726 
239727 
190575 
190576 
190577 
206963 
206964 
206965 
206966 
190589 
190595 
190596 
190597 
239764 
174233 
174234 
174235 
239772 
239773 
239774 
239778 
239779 
190627 
207011 
239780 
190628 
207012 
239781 
190629 
207013 
190630 
190636 
190638 
190639 
207024 
207025 
207026 
207027 
288953 
288954 
288955 
207041 
174281 
174282 
174283 
174284 
207052 
207053 
174286 
207055 
174295 
174296 
174297 
207070 
288992 
288993 
288994 
207076 
207079 
207080 
207081 
239850 
207082 
174317 
239854 
174318 
239855 
174319 
239856 
174320 
207088 
174322 
207093 
239864 
207098 
239868 
239869 
174333 
239870 
174334 
174335 
207117 
207119 
289040 
207120 
289041 
289042 
207125 
207126 
289054 
289055 
289056 
190756 
190757 
108838 
190758 
190759 
174378 
190762 
190763 
190764 
190765 
174383 
174384 
174385 
207160 
207161 
207163 
207182 
207184 
108881 
108882 
108883 
174419 
108884 
174422 
174423 
174424 
207194 
207196 
207197 
207198 
108897 
108898 
108899 
108900 
256360 
256361 
256362 
207211 
207212 
289133 
207213 
289134 
174446 
207214 
289135 
207215 
190834 
174452 
207220 
207221 
207222 
190842 
289147 
289148 
289149 
174462 
190847 
207234 
108931 
207235 
207236 
207237 
174474 
174475 
174476 
174477 
207247 
289169 
289170 
289171 
289172 
190868 
174485 
190869 
207253 
190870 
207254 
207255 
207257 
207258 
207259 
207260 
174495 
174496 
174497 
174524 
207297 
207298 
207299 
207300 
174534 
207303 
174540 
207331 
207332 
207333 
174566 
174567 
174568 
174569 
207338 
174580 
207348 
190969 
207353 
174588 
207356 
207366 
207367 
207368 
174602 
174603 
174604 
174605 
174607 
207377 
207385 
174622 
174623 
207391 
174624 
207392 
207393 
207394 
109095 
109096 
109097 
109098 
207402 
174635 
174636 
174637 
174638 
174640 
240177 
174641 
240178 
174642 
240179 
240180 
109109 
109110 
109111 
207415 
109112 
174648 
174649 
174650 
207418 
109119 
109120 
109121 
174658 
207429 
240199 
240200 
240201 
240202 
207436 
207437 
207438 
207439 
109136 
109137 
109138 
109139 
207443 
207444 
207445 
109142 
207446 
109143 
109144 
174685 
174689 
207461 
207462 
207463 
207464 
207470 
207471 
174705 
174706 
109171 
174707 
174708 
109183 
109184 
207488 
109185 
207489 
207490 
109186 
207491 
174727 
207496 
174728 
174729 
174730 
207508 
207509 
207511 
174763 
174768 
174769 
174770 
207539 
207546 
207547 
207548 
207549 
174785 
174786 
174787 
240324 
174788 
240325 
240326 
240327 
256713 
256714 
256715 
158417 
158418 
158419 
158420 
256725 
256726 
256727 
207576 
207577 
207578 
240347 
207579 
240348 
240349 
240350 
207592 
207593 
240362 
207594 
207595 
174827 
174828 
174829 
256750 
174830 
256751 
256752 
256753 
207602 
207603 
207604 
207605 
174844 
256768 
256769 
256770 
256771 
207623 
207624 
207625 
240394 
207626 
240396 
256781 
240397 
256782 
256783 
207631 
207633 
305938 
207634 
174866 
305939 
305940 
305941 
305944 
174872 
305945 
256793 
174873 
305946 
256794 
207642 
174874 
256795 
207643 
256796 
207644 
256797 
207645 
256798 
158496 
240417 
158497 
305954 
240418 
158498 
305955 
240419 
207651 
305956 
240420 
207652 
207653 
174885 
207654 
256808 
256809 
256810 
207660 
305966 
174894 
305967 
174895 
305968 
125744 
174896 
207665 
125745 
174897 
125746 
240435 
109363 
305975 
207671 
305976 
109368 
125752 
305977 
109369 
125753 
109370 
125754 
125755 
174907 
207678 
125762 
207687 
256840 
207688 
158536 
256841 
207689 
158537 
174921 
256842 
109386 
158538 
174922 
256843 
158539 
174923 
256844 
207692 
174924 
256845 
207693 
256846 
207694 
207695 
109392 
207697 
109393 
109394 
174934 
240471 
174935 
174936 
207706 
240475 
256860 
207708 
256861 
125789 
256862 
174948 
174949 
158566 
174950 
109415 
158567 
174951 
158568 
158569 
158571 
256878 
256879 
109423 
256880 
109424 
207729 
109425 
207730 
207731 
125815 
125816 
125817 
125818 
207741 
174973 
207742 
174974 
207743 
174975 
256896 
256897 
256898 
174978 
109443 
174979 
109444 
174980 
109445 
109446 
125831 
125832 
207753 
125833 
207754 
125834 
207755 
256908 
207756 
109452 
256909 
109453 
256910 
109454 
109455 
174992 
174993 
174994 
453524 
109461 
453526 
109462 
109463 
109464 
207769 
207770 
240539 
207771 
109467 
240540 
109468 
109469 
175006 
207777 
158629 
175013 
207782 
175014 
306087 
207783 
175015 
306088 
207784 
175016 
306089 
207785 
158634 
158635 
306092 
158636 
306093 
306094 
109486 
175022 
109487 
109488 
240562 
240563 
240564 
207796 
207801 
175035 
109500 
109501 
109502 
109503 
207809 
207810 
158658 
207811 
158659 
207812 
158660 
207814 
175046 
240583 
207815 
175047 
240584 
207816 
175048 
240585 
207817 
175049 
240586 
158668 
175052 
207821 
109517 
158669 
175053 
207822 
109518 
158670 
175054 
207823 
109519 
175055 
207824 
109520 
175058 
175059 
175060 
109525 
125909 
109526 
109527 
240601 
240602 
125914 
240603 
207835 
240604 
109533 
207839 
125919 
125920 
125921 
109538 
109539 
175075 
207844 
109540 
175076 
175077 
191464 
158700 
158701 
158702 
158703 
207856 
125939 
109557 
109563 
109564 
109565 
207870 
125950 
207871 
207872 
207873 
125955 
125956 
207877 
125957 
207878 
207879 
207880 
306186 
306187 
175115 
306188 
109582 
207888 
175124 
109589 
125974 
125975 
125976 
158744 
125977 
158745 
109594 
158746 
158747 
207903 
109600 
240676 
125988 
207909 
109605 
207910 
109606 
207911 
109607 
207912 
109608 
109610 
240687 
207919 
240688 
207920 
158768 
240689 
207921 
158769 
240690 
158770 
158771 
109620 
109621 
240694 
109622 
240695 
240696 
240697 
126010 
175163 
109628 
175164 
207933 
109629 
175165 
207934 
109630 
175166 
207935 
109633 
109634 
126018 
240707 
109635 
126019 
126020 
240712 
158794 
207947 
158795 
175179 
207948 
158796 
175180 
207949 
175181 
175182 
240723 
207955 
158803 
240724 
207956 
158804 
240725 
207957 
126037 
158805 
240726 
207958 
207960 
207961 
207962 
126042 
126043 
126044 
158814 
207967 
158815 
240736 
158816 
240737 
240738 
175204 
207973 
175205 
207974 
175206 
207975 
175207 
207976 
175213 
158830 
126063 
158831 
158832 
240753 
175219 
175220 
175221 
207994 
207995 
240764 
207996 
126076 
240765 
207997 
240766 
240767 
207999 
175232 
208003 
158851 
109700 
257157 
257158 
257159 
257160 
240776 
257161 
240777 
257162 
240778 
208010 
257167 
257168 
257169 
126099 
126100 
175252 
208021 
126101 
158869 
240790 
208022 
126102 
158870 
240791 
208023 
158871 
240792 
208024 
158872 
240793 
257178 
257179 
257180 
240799 
208031 
240800 
257185 
240801 
208033 
257186 
158882 
257187 
175267 
109734 
158888 
158889 
158890 
126125 
240814 
208046 
126126 
208047 
126127 
208048 
126128 
208049 
257202 
257203 
257204 
208053 
158901 
208054 
208055 
109751 
240824 
240825 
126138 
158906 
126139 
158907 
109756 
126140 
158908 
109757 
126141 
109758 
208064 
257217 
208065 
257218 
208066 
175298 
257219 
208067 
175299 
126148 
175300 
240837 
175301 
240838 
240839 
240840 
175304 
175305 
175306 
126155 
208076 
126156 
208077 
126157 
208078 
126158 
208088 
208089 
208090 
208091 
175325 
208094 
208095 
175327 
208096 
208097 
126179 
126180 
126181 
126182 
240872 
208105 
208106 
208107 
240877 
126189 
126190 
126191 
175344 
240884 
240885 
240886 
208118 
208119 
208120 
208121 
175353 
175354 
175355 
175356 
158976 
158977 
158978 
158979 
240900 
240901 
126213 
240902 
208134 
126214 
158982 
240903 
208135 
126215 
158983 
208136 
158984 
158985 
240913 
240914 
240915 
208147 
208148 
208149 
208153 
208154 
208155 
208156 
126236 
175388 
240925 
175389 
240926 
208158 
175390 
240927 
208159 
240928 
208160 
126242 
126243 
126244 
126250 
175405 
208174 
175406 
208175 
175407 
208176 
175408 
240945 
240946 
126258 
240947 
208179 
175411 
240948 
208180 
175412 
208181 
208182 
175414 
240951 
126263 
240952 
126264 
240953 
126265 
208188 
208189 
175424 
126274 
240966 
208198 
240967 
208200 
240969 
159049 
175435 
240972 
159052 
175436 
240973 
159053 
175437 
240974 
159054 
175438 
126291 
126296 
290137 
126297 
290138 
126298 
175450 
290139 
175451 
257372 
175452 
126301 
175453 
175455 
240994 
240995 
240996 
240997 
290150 
290151 
290152 
126314 
159083 
175467 
175468 
159085 
175469 
159086 
175470 
126319 
159087 
126320 
126321 
175473 
208242 
126323 
241013 
241014 
241015 
208247 
241016 
208248 
208249 
159097 
208250 
159103 
126338 
126339 
126340 
126341 
159110 
175495 
175496 
208265 
126345 
175497 
126346 
175498 
126347 
126348 
126349 
208270 
208271 
241040 
208272 
126352 
241041 
126353 
241042 
126354 
241043 
175516 
126365 
126366 
175518 
126367 
126368 
241057 
241058 
241059 
159139 
241060 
126372 
175525 
159143 
159144 
159145 
126378 
126379 
126380 
126382 
175536 
290226 
290227 
126387 
290228 
126388 
126389 
126390 
175544 
175546 
175547 
208316 
208322 
208323 
159172 
175557 
159176 
159177 
159178 
241101 
126413 
208334 
159182 
159185 
241106 
159186 
241107 
208339 
126419 
159187 
241108 
208340 
208341 
208347 
241116 
208348 
175580 
208349 
208350 
126430 
126431 
126432 
126433 
241122 
241123 
241124 
241126 
126444 
159213 
159215 
159216 
159217 
126453 
208380 
126461 
159229 
126462 
208383 
126463 
126468 
126469 
126470 
126471 
159247 
241168 
159251 
159252 
159253 
159254 
208411 
159267 
241190 
241191 
241192 
241193 
159273 
208433 
208434 
241203 
241204 
241205 
241206 
159287 
159288 
208441 
159289 
208442 
159290 
175674 
208443 
175676 
208457 
126537 
159311 
159312 
159313 
159314 
126555 
126557 
175711 
290400 
290401 
175713 
290402 
126566 
126567 
159335 
159336 
126569 
159337 
290416 
110192 
290417 
290418 
159347 
159348 
159349 
159350 
241272 
110200 
241273 
110201 
241274 
110202 
159354 
241275 
159355 
110204 
159356 
159357 
159358 
159359 
159360 
241282 
241283 
241284 
175748 
241285 
175753 
110219 
159373 
110225 
241306 
208543 
159393 
175778 
175779 
208548 
159396 
175780 
208549 
159397 
175781 
241318 
159398 
241319 
241320 
241321 
208564 
241333 
110263 
110264 
208569 
110265 
208570 
110266 
159418 
208571 
159421 
159422 
290495 
159423 
175807 
290496 
290497 
126657 
208581 
110278 
110279 
241352 
110280 
241353 
110281 
241354 
208586 
159434 
241355 
208587 
159435 
175819 
208588 
159436 
159437 
241360 
159441 
208594 
159442 
159443 
208596 
159444 
208597 
110293 
110294 
110295 
241368 
159448 
159449 
159450 
175835 
110308 
110309 
110310 
175848 
159465 
110314 
159466 
241387 
159467 
241388 
208620 
159468 
290541 
241389 
290542 
241390 
208622 
290543 
241393 
241394 
241395 
241396 
175864 
159481 
175865 
159482 
175866 
159483 
290558 
290559 
290560 
159488 
159489 
159490 
241418 
159498 
175882 
241419 
159499 
241420 
159500 
241421 
159506 
110357 
110358 
110359 
110360 
290587 
290588 
290589 
241441 
110370 
110371 
241444 
110372 
110375 
110376 
110377 
290602 
110378 
290603 
290604 
159533 
241460 
110388 
241461 
110389 
241462 
110390 
241463 
159543 
159544 
159545 
159546 
175931 
159548 
241469 
159549 
241470 
110398 
159550 
241471 
110399 
241472 
110400 
175936 
175937 
175938 
159561 
159562 
159563 
241493 
290646 
241494 
175958 
290647 
241495 
159575 
290648 
241496 
159576 
159577 
175964 
290653 
290654 
290655 
175967 
175968 
175969 
175970 
241510 
241511 
241512 
290665 
241513 
290666 
520043 
290667 
159597 
159598 
159599 
159600 
159602 
175993 
126844 
159615 
159621 
159622 
241543 
159623 
241546 
274325 
274326 
241558 
274327 
241559 
241560 
241561 
241563 
274335 
274336 
159648 
274337 
159649 
159650 
159651 
241572 
307109 
241587 
159667 
241588 
159668 
241589 
159669 
241590 
159678 
159679 
159680 
159685 
241606 
159686 
241607 
159687 
241608 
143304 
241609 
143305 
143306 
290763 
143307 
290764 
290765 
307154 
307156 
143321 
159709 
159710 
290783 
159711 
290784 
290785 
274401 
143329 
274402 
143330 
274403 
143331 
143332 
290793 
290794 
274410 
159722 
290795 
274411 
159723 
274412 
159724 
159725 
241651 
241652 
143348 
241653 
159733 
241654 
143353 
159744 
159745 
159746 
143363 
143364 
143365 
307212 
307213 
159757 
307214 
159758 
159759 
159760 
241687 
159768 
159769 
307226 
241690 
159770 
307227 
159771 
307228 
143389 
143390 
241695 
143391 
241696 
143392 
143400 
143401 
143402 
307243 
143403 
159787 
307244 
290860 
159788 
307245 
290861 
241709 
159789 
290862 
159790 
241711 
159796 
159797 
159798 
290871 
290872 
290873 
143427 
159814 
159815 
159816 
159817 
143442 
159826 
143443 
159827 
143444 
159828 
159838 
143455 
159839 
143456 
159840 
143457 
159841 
143458 
159854 
290927 
159855 
159856 
290929 
241786 
159869 
159870 
159871 
159872 
536713 
159891 
159892 
159893 
159894 
290970 
290971 
290972 
290982 
290983 
290984 
159918 
159919 
159920 
159924 
159925 
159926 
159941 
159947 
159948 
159949 
159951 
159956 
159960 
209118 
159966 
159967 
159968 
209123 
143590 
143595 
143601 
209139 
160006 
160007 
241928 
160008 
160009 
160011 
160012 
160013 
160049 
160050 
160051 
160052 
209205 
241979 
241981 
160067 
160068 
160069 
160070 
160101 
160102 
160103 
242025 
160107 
160108 
160109 
160119 
160120 
160121 
160122 
209287 
160152 
209305 
209306 
209307 
160167 
160172 
160173 
160174 
160176 
160185 
209339 
209340 
160191 
160192 
160193 
160196 
209351 
209352 
209353 
160204 
160205 
160206 
160221 
160222 
160223 
209388 
274925 
274926 
274927 
209391 
160245 
160246 
160247 
160250 
160251 
160252 
160253 
160267 
160268 
160269 
209436 
209437 
160288 
307748 
307749 
209469 
209470 
209479 
209482 
160337 
160338 
160339 
307813 
160358 
160359 
160360 
209513 
160367 
160368 
160369 
160388 
160389 
160390 
209556 
160406 
209559 
160407 
160408 
160409 
160412 
160413 
160414 
160415 
242346 
242347 
242348 
160432 
160433 
160434 
160435 
209590 
209597 
160451 
160452 
160453 
160454 
242385 
209623 
209624 
111321 
111322 
111323 
111324 
160484 
160485 
160486 
160487 
209645 
209646 
209651 
209661 
209666 
111362 
111363 
111364 
160524 
307981 
160525 
160526 
160527 
275228 
275229 
275230 
160543 
160544 
160545 
144165 
275243 
275244 
275245 
275246 
275247 
275248 
160560 
160561 
160562 
160563 
144183 
144184 
144185 
144186 
160594 
242517 
242518 
242519 
242520 
111451 
160609 
160610 
160611 
111460 
160612 
275311 
275312 
275313 
275314 
242547 
242548 
242549 
242550 
275319 
275320 
275321 
160635 
160636 
144253 
160637 
144254 
160638 
144255 
144256 
275333 
275334 
275335 
127879 
144263 
144264 
521097 
144265 
521098 
275338 
144266 
521099 
275339 
160651 
275340 
160656 
160657 
160658 
275347 
111507 
127891 
275348 
111508 
275349 
111509 
111510 
127896 
127897 
127898 
144286 
144287 
144288 
144289 
127907 
160676 
160680 
127913 
144297 
160681 
127914 
144298 
160682 
127915 
144299 
242604 
242608 
291761 
291762 
242610 
291763 
209843 
144311 
144312 
144313 
144314 
160698 
160701 
160702 
275391 
160703 
275392 
275393 
275400 
127944 
275401 
242633 
275402 
242638 
127950 
242639 
242640 
275414 
275415 
144343 
275416 
144344 
275417 
144345 
160729 
144346 
160731 
160732 
160733 
275423 
275424 
127968 
275425 
127969 
127970 
127971 
275434 
275435 
275436 
111600 
111605 
111606 
111607 
127991 
111609 
127998 
127999 
160767 
111616 
128000 
160768 
144387 
144388 
144389 
128006 
144390 
128007 
111624 
128008 
111625 
128009 
111626 
111638 
128025 
128026 
128027 
128028 
128030 
160803 
160804 
160805 
160806 
128039 
128040 
128041 
128042 
128048 
160816 
128049 
128050 
128051 
160822 
111671 
160823 
111672 
160824 
111673 
111674 
128062 
128063 
128064 
144448 
128065 
160841 
144459 
160848 
160849 
160850 
128088 
128089 
128090 
128091 
128092 
128098 
128099 
128100 
111720 
111721 
111722 
111723 
111725 
128113 
128114 
128115 
160883 
128116 
160884 
160885 
111735 
111736 
111737 
111738 
160890 
160891 
160892 
128125 
128126 
128127 
128128 
160898 
160899 
160900 
144518 
160907 
144524 
160908 
160909 
160916 
160917 
160918 
275607 
275608 
275609 
275612 
275613 
275614 
160929 
160930 
160931 
275620 
144548 
275621 
144549 
275622 
210086 
144550 
144551 
111789 
111790 
144558 
111791 
144559 
488624 
111792 
144560 
292019 
292020 
275636 
275637 
275638 
144568 
144569 
144570 
144571 
275644 
275645 
111805 
275646 
242878 
275647 
242879 
275648 
242880 
275649 
242881 
111810 
160962 
111811 
128195 
111812 
128196 
128197 
128198 
144582 
128199 
144583 
144584 
160970 
160971 
160972 
111821 
210126 
210128 
160976 
160977 
292050 
111826 
160978 
292051 
111827 
160979 
292052 
242900 
111828 
128212 
242901 
128213 
242902 
128214 
242903 
128215 
144602 
160987 
160988 
275677 
160989 
275678 
160990 
275679 
292068 
292069 
292070 
275686 
128230 
275687 
128231 
160999 
275688 
128232 
161001 
292074 
292075 
292076 
128236 
128237 
128238 
128239 
275697 
275698 
275699 
275702 
275703 
161015 
275704 
161016 
161017 
161018 
275708 
275709 
275710 
128254 
128255 
292096 
128256 
292097 
128257 
111875 
161028 
161029 
161030 
128263 
275720 
128264 
275721 
128265 
275722 
161037 
144654 
161038 
292111 
144655 
161039 
292112 
144656 
161040 
292113 
275729 
144657 
275730 
161042 
275731 
111891 
161043 
161044 
128277 
128282 
292123 
292124 
259356 
292125 
259357 
259358 
128287 
128288 
161056 
111905 
128289 
161057 
275746 
161058 
275747 
161059 
275748 
111908 
161060 
275749 
111909 
161061 
259366 
111910 
259367 
111911 
259368 
111913 
128298 
161066 
242991 
144687 
242992 
144688 
161072 
242993 
128305 
144689 
242994 
128306 
144690 
275763 
111923 
128307 
275764 
275765 
161077 
275766 
292153 
144698 
292155 
144699 
144700 
243008 
111936 
243009 
243010 
144706 
243011 
144707 
144708 
161092 
292165 
144709 
161093 
292166 
161094 
292167 
128327 
111944 
144714 
292171 
144715 
161099 
292172 
144716 
161100 
292173 
161101 
275792 
275793 
275794 
111954 
128339 
161112 
111961 
128345 
161113 
275802 
111962 
128346 
144730 
161114 
275803 
111963 
128347 
144731 
161115 
275804 
144732 
275805 
259421 
144733 
161117 
259422 
128350 
161118 
259423 
161119 
275810 
275811 
259427 
275812 
259428 
292197 
259429 
292198 
161126 
111975 
128359 
161127 
111976 
161128 
111977 
111978 
128364 
128365 
128366 
128369 
161139 
161140 
161141 
111991 
128376 
128377 
128378 
128379 
144766 
144767 
161151 
112000 
144768 
161152 
112001 
144769 
161153 
112002 
112003 
128388 
161159 
161160 
161161 
161162 
275853 
275854 
275855 
112015 
112016 
112017 
161169 
112018 
161170 
128403 
161171 
275861 
275862 
275863 
112023 
112024 
112025 
161180 
161181 
161182 
292256 
128416 
128417 
128418 
243107 
128419 
243108 
161189 
128422 
128423 
112040 
128424 
112041 
128425 
144809 
112042 
144810 
161194 
144811 
144812 
275887 
275888 
275889 
112049 
144821 
243126 
144822 
243127 
112055 
144823 
112056 
128440 
144824 
112057 
112058 
275903 
144831 
275904 
144832 
275905 
144833 
144834 
161218 
161219 
161220 
128453 
128454 
128455 
128456 
112073 
112074 
112075 
112076 
112078 
161230 
161231 
128464 
161232 
128465 
128466 
243156 
112087 
161240 
161241 
161242 
243166 
112094 
275935 
112095 
275936 
112096 
144864 
275937 
144865 
144866 
144867 
161251 
161252 
161253 
112102 
161254 
161255 
144876 
144877 
112110 
144878 
112111 
112112 
112113 
112121 
161277 
161278 
144896 
161280 
144897 
144898 
144899 
161287 
161288 
161289 
161290 
112139 
144907 
112140 
144908 
112141 
144909 
112142 
144910 
112144 
144912 
161300 
144917 
144918 
144919 
275992 
275993 
275994 
275995 
112163 
112164 
112165 
112166 
144936 
128558 
144942 
144943 
144944 
144946 
112182 
144952 
112185 
112186 
112187 
276032 
276033 
276034 
144964 
112198 
128584 
144970 
112203 
112204 
112205 
276047 
276048 
276049 
144979 
259672 
259673 
259674 
112218 
128602 
128603 
161377 
161379 
259684 
259685 
259686 
112235 
145004 
276080 
276081 
112241 
276082 
112242 
112243 
243320 
112248 
145016 
145017 
145018 
145019 
112253 
112254 
243327 
112255 
276096 
243328 
276097 
243329 
276098 
128646 
145030 
112263 
128647 
145031 
145032 
161416 
145034 
161418 
112267 
112268 
112269 
276110 
276111 
145039 
276112 
145040 
276113 
145041 
145047 
276122 
276123 
276124 
276125 
276129 
276130 
145058 
276131 
112291 
145059 
112292 
145060 
112293 
145061 
128678 
276140 
276141 
276142 
112308 
112309 
112310 
112311 
112318 
145087 
145088 
145089 
112324 
276165 
112325 
276166 
112326 
276167 
112327 
145098 
145099 
145100 
112334 
276180 
112340 
276181 
112341 
276182 
112342 
112343 
128736 
128737 
145124 
145125 
145126 
128746 
128747 
128748 
292595 
292596 
276214 
276215 
276216 
112378 
112379 
112380 
112381 
276223 
276224 
145152 
276225 
145153 
145154 
145155 
210692 
210693 
210694 
145158 
210695 
112393 
145161 
145162 
145163 
145164 
145168 
145169 
145170 
145171 
112405 
112406 
112407 
112408 
112411 
161563 
112412 
112413 
145186 
112424 
112425 
276266 
112426 
276267 
276268 
145198 
145199 
145200 
112433 
112434 
112435 
276276 
112436 
276277 
276278 
112438 
112439 
112440 
161600 
112450 
112451 
145219 
276292 
112452 
276293 
276294 
145223 
112456 
276297 
276298 
276299 
112465 
210770 
210771 
145235 
145236 
145237 
210783 
112480 
145252 
112485 
145253 
145254 
145255 
145257 
112490 
145262 
112496 
112497 
112498 
112499 
210809 
210810 
145274 
145275 
145276 
145277 
112513 
161667 
112519 
112520 
112521 
112522 
145290 
210828 
210829 
145296 
161680 
145297 
112530 
145298 
112531 
112532 
112533 
112534 
145306 
112539 
145307 
112540 
145308 
112541 
145309 
145313 
145314 
145315 
145316 
112553 
112554 
112555 
112556 
145324 
112559 
112560 
112561 
145329 
112562 
145330 
243635 
145331 
243636 
243637 
112572 
112573 
112574 
112575 
145346 
243651 
145347 
145348 
145349 
243655 
243656 
243657 
210889 
210890 
210902 
210903 
145368 
145369 
145370 
145371 
145380 
112614 
145388 
145389 
210926 
145390 
210929 
145393 
145397 
145402 
145403 
243710 
243711 
145410 
145422 
243731 
210965 
210966 
210967 
210968 
210972 
210975 
210976 
210986 
210987 
145462 
112699 
145468 
145469 
145470 
145471 
145479 
145480 
145481 
145482 
211025 
145489 
161885 
161887 
161902 
211063 
211065 
211066 
211076 
161924 
276613 
276614 
276615 
211079 
161927 
211085 
276626 
276627 
276628 
161945 
293020 
293021 
211102 
161956 
145574 
211119 
161968 
211121 
161969 
276659 
276660 
276661 
145594 
63702 
63708 
63709 
63710 
145646 
145647 
145648 
145649 
211190 
276727 
63735 
63736 
63737 
63738 
276743 
145671 
276744 
145672 
276745 
145673 
145674 
145679 
145680 
145681 
145682 
243992 
276761 
243993 
276763 
145691 
243998 
145695 
145696 
244001 
145697 
276779 
276780 
276781 
162100 
211254 
162102 
112953 
145728 
145729 
63810 
145730 
145731 
63816 
63817 
63818 
276813 
276814 
276815 
145745 
145746 
145747 
145748 
276831 
276832 
276833 
145761 
145762 
145763 
63844 
145764 
63845 
63846 
63847 
276845 
276846 
276847 
145784 
145785 
145786 
145787 
211326 
211327 
276866 
276867 
276868 
211341 
145810 
276887 
276888 
276889 
145851 
145860 
244166 
244167 
211427 
211428 
211429 
211430 
276976 
276977 
211441 
276978 
211442 
293363 
211443 
145915 
211453 
145925 
145926 
145927 
145939 
145940 
145941 
145942 
145958 
145965 
145966 
145967 
145969 
145978 
145986 
145987 
145988 
277082 
146010 
277083 
146011 
277084 
146012 
211558 
211559 
146024 
146025 
146026 
211578 
146043 
146061 
146062 
146063 
277193 
277194 
277195 
211726 
146199 
146200 
146201 
146202 
146211 
162603 
146222 
146223 
146224 
146225 
211774 
146248 
146261 
146262 
523095 
146264 
146272 
244585 
277367 
277368 
277369 
244604 
244605 
146301 
244606 
277379 
277380 
277381 
146318 
146319 
146320 
146336 
146337 
146338 
146339 
146362 
146364 
146365 
146369 
146370 
146371 
146372 
146381 
146387 
146388 
146389 
146403 
146407 
146415 
146416 
146417 
146418 
146429 
146435 
211972 
146436 
146437 
146438 
146455 
146457 
146458 
146462 
146463 
146464 
146465 
146476 
146481 
146486 
146487 
146488 
146501 
146505 
146511 
146512 
146513 
277599 
277601 
277609 
277610 
277611 
146540 
277620 
277621 
146549 
277622 
277623 
277628 
277630 
146560 
146561 
146562 
146563 
277638 
146566 
277639 
146567 
277640 
146568 
146569 
146604 
146611 
277684 
146612 
146613 
146620 
146621 
146622 
146623 
277701 
277702 
277703 
146632 
146633 
146634 
277711 
244943 
277713 
277714 
277715 
146643 
277716 
146644 
146645 
146646 
277723 
277724 
277725 
212190 
146658 
277738 
277739 
277740 
146685 
146686 
146687 
146688 
146693 
277767 
277768 
277769 
146699 
146700 
277773 
146701 
277774 
146702 
277775 
146703 
277777 
277778 
146713 
146714 
146715 
146716 
146743 
146748 
146749 
277830 
277831 
277832 
277839 
277840 
277841 
277842 
277843 
277844 
277851 
277852 
277853 
277860 
277861 
277862 
277894 
277895 
277896 
277900 
277901 
277902 
277911 
277912 
277913 
277950 
277951 
277952 
277979 
277980 
277981 
277994 
277995 
277996 
278005 
278006 
278007 
278010 
278011 
278012 
278022 
278023 
278096 
278097 
540281 
523914 
425690 
425691 
425692 
147211 
147218 
147219 
147220 
212792 
147266 
262088 
262089 
262090 
262104 
262105 
262106 
262118 
262119 
262120 
262134 
262135 
262136 
262137 
131069 
)

// ************************************************************************* //
