1	0.000968376
2	-0.00114355
3	-0.00125278
4	-0.00198714
5	0.00160068
6	0.00170731
7	0.00131417
8	-0.00120071
9	-0.000891183
10	-0.000985648
11	0.000954372
12	0.000656664
13	0.000625537
14	-0.000709135
15	-0.000676594
16	-0.000460038
17	0.000113154
18	0.00035658
19	0.000317449
20	0.000144673
21	-0.000518014
22	-0.000236764
23	-0.000293687
24	0.000390787
25	0.000365931
26	0.000280425
27	9.33882e-05
28	-0.000254508
29	-0.000231118
30	-0.000187081
31	2.38287e-05
32	0.000178424
33	0.000165196
34	0.000138206
35	-2.39615e-05
36	-0.000118786
37	-0.000111889
38	-9.62158e-05
39	2.33224e-05
40	9.54492e-05
41	8.85442e-05
42	3.74657e-05
43	-3.57574e-05
44	-3.75803e-05
45	-5.00988e-05
46	-3.40496e-05
47	4.10759e-05
48	6.93056e-05
49	6.57568e-05
50	4.91411e-05
51	6.50293e-06
52	-3.32021e-05
53	-2.71095e-05
54	-2.05394e-05
55	-1.8526e-06
56	2.13274e-05
57	3.51766e-05
58	3.03493e-05
59	1.10748e-05
60	-9.12968e-06
61	-2.71678e-05
62	-1.1405e-05
63	-6.93309e-06
64	9.75037e-06
65	1.89537e-05
66	1.5035e-05
67	4.69798e-06
68	-6.55719e-06
69	-5.74246e-06
70	-8.16234e-06
71	-3.70359e-07
72	4.51214e-06
73	3.51371e-06
74	2.47978e-06
75	-3.40385e-06
76	-3.08754e-06
77	-2.38747e-06
78	4.95036e-08
79	5.37219e-06
80	2.25534e-06
81	1.61822e-06
82	-1.77412e-06
83	-3.13919e-06
84	-2.50618e-06
85	-1.59601e-06
86	2.66581e-06
87	4.71572e-06
88	5.89375e-06
89	6.25758e-06
90	5.91124e-06
91	5.70482e-06
92	5.07265e-06
93	4.16746e-06
94	2.95459e-06
95	1.19717e-06
96	-6.52945e-07
97	-2.55068e-06
98	-3.04187e-06
99	-4.29511e-06
100	-3.9504e-06
101	-2.72935e-06
102	-7.4161e-07
103	1.5323e-06
104	1.83181e-06
105	3.03519e-06
106	2.79755e-06
107	2.09564e-06
108	1.58917e-06
109	9.66911e-07
110	2.71367e-07
111	-4.61092e-07
112	-1.11643e-06
113	-1.43203e-06
114	-6.86142e-07
115	-7.29915e-07
116	-1.13004e-06
117	-7.68621e-07
118	4.58157e-07
119	8.06785e-07
120	1.83671e-06
121	2.56029e-06
122	2.89877e-06
123	2.85363e-06
124	2.39284e-06
125	1.64559e-06
126	7.53436e-07
127	-1.33589e-07
128	-8.4983e-07
129	-1.2772e-06
130	-1.27012e-06
131	-1.20189e-06
132	-1.12202e-06
133	-1.02373e-06
134	-9.19874e-07
135	-8.19081e-07
136	-7.18607e-07
137	-6.24258e-07
138	-5.32595e-07
139	-4.3511e-07
140	-3.23477e-07
141	-1.86677e-07
142	-1.97482e-08
143	1.55329e-07
144	3.51967e-07
145	5.22914e-07
146	6.8686e-07
147	7.94352e-07
148	8.53611e-07
149	8.70493e-07
150	8.65113e-07
151	8.33681e-07
152	7.13668e-07
153	6.13505e-07
154	4.74959e-07
155	3.16908e-07
156	1.49844e-07
157	-1.09377e-08
158	-1.65487e-07
159	-3.06015e-07
160	-4.17153e-07
161	-4.85964e-07
162	-5.01032e-07
163	-4.5472e-07
164	-3.83759e-07
165	-3.34677e-07
166	-2.51823e-07
167	-1.45356e-07
168	-3.7503e-08
169	6.21474e-08
170	1.46401e-07
171	2.08878e-07
172	2.43358e-07
173	2.48964e-07
174	2.35369e-07
175	2.14513e-07
176	1.88288e-07
177	1.5251e-07
178	1.08363e-07
179	6.06895e-08
180	1.3156e-08
181	-3.20502e-08
182	-7.27456e-08
183	-1.06795e-07
184	-1.31729e-07
185	-1.45947e-07
186	-1.49927e-07
187	-1.4558e-07
188	-1.34108e-07
189	-1.15584e-07
190	-9.04187e-08
191	-6.01982e-08
192	-2.73118e-08
193	5.74218e-09
194	3.61739e-08
195	6.17298e-08
196	8.05228e-08
197	9.16889e-08
198	9.54931e-08
199	9.28186e-08
200	8.44834e-08
201	7.11475e-08
202	5.36842e-08
203	3.33666e-08
204	1.17244e-08
205	-9.6716e-09
206	-2.92953e-08
207	-4.58367e-08
208	-5.82959e-08
209	-6.61323e-08
210	-6.93156e-08
211	-6.81765e-08
212	-6.31892e-08
213	-5.48804e-08
214	-4.38851e-08
215	-3.09994e-08
216	-1.7156e-08
217	-3.26891e-09
218	9.73861e-09
219	2.1107e-08
220	3.02457e-08
221	3.67794e-08
222	4.05586e-08
223	4.16296e-08
224	4.01807e-08
225	3.64975e-08
226	3.09449e-08
227	2.39603e-08
228	1.60395e-08
229	7.70839e-09
230	-4.99758e-10
231	-8.14833e-09
232	-1.4777e-08
233	-2.00852e-08
234	-2.38718e-08
235	-2.603e-08
236	-2.63077e-08
237	-2.48193e-08
238	-2.18719e-08
239	-1.77401e-08
240	-1.27088e-08
241	-7.09642e-09
242	-1.26889e-09
243	4.38481e-09
244	9.53087e-09
245	1.38764e-08
246	1.72107e-08
247	1.94032e-08
248	2.04096e-08
249	2.02618e-08
250	1.9056e-08
251	1.69404e-08
252	1.41036e-08
253	1.22905e-08
254	7.85628e-09
255	4.49464e-09
256	1.25818e-09
257	-1.89766e-09
258	-4.29805e-09
259	-6.25416e-09
260	-8.49536e-09
261	-8.58789e-09
262	-9.75688e-09
263	-8.58592e-09
264	-8.49237e-09
265	-6.52554e-09
266	-5.20903e-09
267	-3.14052e-09
268	-8.82776e-10
269	1.00338e-09
270	3.68988e-09
271	5.935e-09
272	8.05331e-09
273	9.98053e-09
274	1.16607e-08
275	1.30466e-08
276	1.41015e-08
277	1.47995e-08
278	1.51274e-08
279	1.50849e-08
280	1.46842e-08
281	1.39499e-08
282	1.29173e-08
283	1.16306e-08
284	1.0141e-08
285	8.50353e-09
286	6.775e-09
287	5.01148e-09
288	3.2667e-09
289	1.60843e-09
290	4.71312e-11
291	-1.36014e-09
292	-2.58146e-09
293	-3.59105e-09
294	-4.36577e-09
295	-4.89701e-09
296	-5.17739e-09
297	-5.20806e-09
298	-4.99717e-09
299	-4.55975e-09
300	-3.91729e-09
301	-3.09898e-09
302	-2.13308e-09
303	-1.05852e-09
304	8.55496e-11
305	1.2587e-09
306	2.40199e-09
307	3.50114e-09
308	4.51068e-09
309	5.40037e-09
310	6.14579e-09
311	6.72886e-09
312	7.13797e-09
313	7.36784e-09
314	7.41905e-09
315	7.29752e-09
316	7.01383e-09
317	6.58257e-09
318	6.02178e-09
319	5.35233e-09
320	4.59739e-09
321	3.78184e-09
322	2.93166e-09
323	2.0732e-09
324	1.24362e-09
325	4.46636e-10
326	-2.84433e-10
327	-9.30432e-10
328	-1.47541e-09
329	-1.90706e-09
330	-2.2171e-09
331	-2.39884e-09
332	-2.45577e-09
333	-2.39035e-09
334	-2.21236e-09
335	-1.92853e-09
336	-1.55422e-09
337	-1.10502e-09
338	-5.98237e-10
339	-5.23123e-11
340	5.1373e-10
341	1.08087e-09
342	1.61953e-09
343	2.12729e-09
344	2.58195e-09
345	2.97019e-09
346	3.28135e-09
347	3.50771e-09
348	3.64465e-09
349	3.69065e-09
350	3.64724e-09
351	3.51881e-09
352	3.31235e-09
353	3.03708e-09
354	2.70405e-09
355	2.32575e-09
356	1.91557e-09
357	1.48737e-09
358	1.05805e-09
359	6.3873e-10
360	2.38615e-10
361	-1.28095e-10
362	-4.51976e-10
363	-7.25254e-10
364	-9.41983e-10
365	-1.09816e-09
366	-1.19177e-09
367	-1.22281e-09
368	-1.19315e-09
369	-1.10648e-09
370	-9.6809e-10
371	-7.84644e-10
372	-5.63951e-10
373	-3.14668e-10
374	-4.60109e-11
375	2.32547e-10
376	5.11574e-10
377	7.81972e-10
378	1.02887e-09
379	1.25342e-09
380	1.44512e-09
381	1.59877e-09
382	1.71058e-09
383	1.77831e-09
384	1.80119e-09
385	1.77996e-09
386	1.71675e-09
387	1.7195e-09
388	1.62757e-09
389	1.51953e-09
390	1.3708e-09
391	1.18946e-09
392	1.06223e-09
393	8.82404e-10
394	6.97098e-10
395	4.97274e-10
396	2.778e-10
397	1.57033e-10
398	-1.1166e-11
399	-2.62345e-10
400	-2.81697e-10
401	-3.94089e-10
402	-6.16194e-10
403	-5.4877e-10
404	-5.89676e-10
405	-7.39937e-10
406	-6.03299e-10
407	-7.18647e-10
408	-5.21792e-10
409	-4.57404e-10
410	-4.78225e-10
411	-2.83233e-10
412	-2.56919e-10
413	-5.53294e-11
414	2.89437e-12
415	2.00358e-10
416	2.86616e-10
417	4.5816e-10
418	5.7048e-10
419	6.96766e-10
420	8.26949e-10
421	8.9641e-10
422	1.03026e-09
423	1.04963e-09
424	1.16611e-09
425	1.14606e-09
426	1.23028e-09
427	1.25876e-09
428	1.25748e-09
429	1.28809e-09
430	1.25024e-09
431	1.26155e-09
432	1.24154e-09
433	1.1885e-09
434	1.16987e-09
435	1.07697e-09
436	1.04215e-09
437	9.73464e-10
438	8.8334e-10
439	8.12232e-10
440	7.26421e-10
441	6.63365e-10
442	5.56044e-10
443	4.64071e-10
444	4.25595e-10
445	2.98591e-10
446	2.08451e-10
447	1.8392e-10
448	5.40545e-11
449	-2.99188e-11
450	-1.12327e-10
451	-8.22365e-11
452	-2.21355e-10
453	-2.82677e-10
454	-2.3695e-10
455	-3.53943e-10
456	-3.95937e-10
457	-4.36349e-10
458	-3.62148e-10
459	-4.59416e-10
460	-4.77393e-10
461	-4.93913e-10
462	-3.87417e-10
463	-4.64363e-10
464	-4.56797e-10
465	-4.48637e-10
466	-4.38766e-10
467	-2.97498e-10
468	-3.51454e-10
469	-3.15642e-10
470	-2.80233e-10
471	-2.44147e-10
472	-1.26399e-10
473	-1.33521e-10
474	-8.4122e-11
475	-3.42856e-11
476	1.69126e-11
477	9.01451e-11
478	1.23109e-10
479	1.71066e-10
480	2.2016e-10
481	2.7129e-10
482	3.24877e-10
483	3.9708e-10
484	4.31395e-10
485	4.7583e-10
486	5.19559e-10
487	5.63697e-10
488	6.08892e-10
489	6.93086e-10
490	7.08246e-10
491	7.47345e-10
492	7.84563e-10
493	8.21136e-10
494	8.88574e-10
495	8.99935e-10
496	9.31367e-10
497	9.61831e-10
498	9.99321e-10
499	1.01728e-09
500	1.04003e-09
501	1.06288e-09
502	1.05258e-09
503	1.08188e-09
504	1.08815e-09
505	1.04358e-09
506	1.06413e-09
507	1.04925e-09
508	9.76407e-10
509	9.79274e-10
510	9.41654e-10
511	9.04752e-10
512	8.39235e-10
513	8.0923e-10
514	7.58329e-10
515	7.07729e-10
516	6.5814e-10
517	6.27881e-10
518	5.65659e-10
519	5.14971e-10
520	4.92732e-10
521	4.23346e-10
522	4.02926e-10
523	3.35981e-10
524	2.88949e-10
525	2.65896e-10
526	2.05776e-10
527	1.63554e-10
528	1.44992e-10
529	9.21399e-11
530	5.65231e-11
531	5.07156e-11
532	1.60098e-12
533	-2.68336e-11
534	-1.66276e-11
535	-6.38519e-11
536	-8.46991e-11
537	-1.06196e-10
538	-9.30235e-11
539	-1.3267e-10
540	-1.36786e-10
541	-1.60518e-10
542	-1.76464e-10
543	-1.92777e-10
544	-2.12594e-10
545	-2.28619e-10
546	-2.46333e-10
547	-2.57604e-10
548	-2.77451e-10
549	-2.68295e-10
550	-2.93276e-10
551	-3.00403e-10
552	-2.70618e-10
553	-2.91786e-10
554	-2.87241e-10
555	-2.50962e-10
556	-2.59448e-10
557	-2.4631e-10
558	-2.12827e-10
559	-2.09591e-10
560	-1.92886e-10
561	-1.62462e-10
562	-1.54069e-10
563	-1.36698e-10
564	-1.20268e-10
565	-9.99852e-11
566	-8.76262e-11
567	-8.02035e-11
568	-6.30893e-11
569	-6.93785e-11
570	-5.07578e-11
571	-4.42879e-11
572	-3.74697e-11
573	-3.02751e-11
574	-2.26964e-11
575	-1.43394e-11
576	-6.55179e-12
577	2.27967e-12
578	3.06664e-11
579	3.23351e-11
580	4.75274e-11
581	6.30537e-11
582	1.01994e-10
583	1.06737e-10
584	1.26738e-10
585	1.5232e-10
586	1.66468e-10
587	1.83834e-10
588	1.84451e-10
589	2.0528e-10
590	2.14586e-10
591	2.06375e-10
592	2.21508e-10
593	2.20668e-10
594	2.25661e-10
595	2.28278e-10
596	2.39531e-10
597	2.39314e-10
598	2.45046e-10
599	2.58848e-10
600	2.61158e-10
601	2.68717e-10
602	2.77818e-10
603	2.83664e-10
604	2.90133e-10
605	2.93515e-10
606	2.99398e-10
607	3.02615e-10
608	2.9507e-10
609	3.00137e-10
610	2.97259e-10
611	2.70539e-10
612	2.74779e-10
613	2.62418e-10
614	2.25184e-10
615	2.21672e-10
616	1.88286e-10
617	1.73562e-10
618	1.50545e-10
619	1.31337e-10
620	1.08337e-10
621	8.81952e-11
622	7.88208e-11
623	5.5088e-11
624	3.84443e-11
625	2.19425e-11
626	9.8589e-12
627	-9.42059e-12
628	-2.6311e-11
629	-4.5667e-11
630	-6.34208e-11
631	-8.07643e-11
632	-1.02223e-10
633	-1.22542e-10
634	-1.39495e-10
635	-1.62057e-10
636	-1.8214e-10
637	-1.96332e-10
638	-2.19145e-10
639	-2.37668e-10
640	-2.38173e-10
641	-2.63935e-10
642	-2.76787e-10
643	-2.5142e-10
644	-2.79009e-10
645	-2.79485e-10
646	-2.79127e-10
647	-2.24047e-10
648	-2.4436e-10
649	-1.88422e-10
650	-1.86367e-10
651	-1.57655e-10
652	-1.28926e-10
653	-9.90984e-11
654	-7.20548e-11
655	-4.52069e-11
656	-4.45724e-11
657	-1.02887e-11
658	4.95242e-12
659	-2.16786e-11
660	7.49771e-12
661	7.55002e-12
662	-3.70742e-11
663	-1.9724e-11
664	-3.28136e-11
665	-7.81409e-11
666	-7.66437e-11
667	-9.67831e-11
668	-1.17707e-10
669	-1.34662e-10
670	-1.51352e-10
671	-1.25744e-10
672	-1.56069e-10
673	-1.56287e-10
674	-8.48918e-11
675	-1.11009e-10
676	-8.73291e-11
677	-1.52285e-12
678	-2.33465e-12
679	3.89611e-11
680	1.04484e-10
681	1.32787e-10
682	1.73573e-10
683	2.15414e-10
684	2.52505e-10
685	2.86567e-10
686	2.62844e-10
687	3.15162e-10
688	3.27831e-10
689	2.70612e-10
690	3.10847e-10
691	3.03655e-10
692	2.32824e-10
693	2.53993e-10
694	2.31854e-10
695	1.69122e-10
696	1.66936e-10
697	1.36914e-10
698	1.00667e-10
699	7.59015e-11
700	4.6887e-11
701	4.53906e-11
702	7.01835e-12
703	2.35757e-11
704	-1.04614e-11
705	-1.88184e-11
706	-2.60839e-11
707	2.2094e-11
708	-6.05201e-12
709	3.94942e-12
710	5.7843e-11
711	4.91782e-11
712	6.98009e-11
713	1.0126e-10
714	1.13316e-10
715	1.31406e-10
716	1.16433e-10
717	1.41776e-10
718	8.8322e-11
719	1.11133e-10
720	9.38416e-11
721	1.55911e-11
722	2.12882e-11
723	-1.40108e-11
724	-7.45172e-11
725	-9.61627e-11
726	-1.33367e-10
727	-1.39325e-10
728	-1.82557e-10
729	-2.03008e-10
730	-2.20397e-10
731	-1.62775e-10
732	-2.06103e-10
733	-1.45221e-10
734	-1.61005e-10
735	-1.40876e-10
736	-1.22118e-10
737	-8.89954e-11
738	-7.97453e-11
739	-6.12698e-11
740	-5.23026e-11
741	-3.36034e-11
742	-2.16683e-11
743	-3.3082e-11
744	-1.40159e-11
745	-1.10681e-11
746	-4.1112e-11
747	-2.59729e-11
748	-3.35218e-11
749	-7.37497e-11
750	-6.78891e-11
751	-8.40183e-11
752	-1.07461e-10
753	-1.18128e-10
754	-1.32699e-10
755	-1.12661e-10
756	-1.36804e-10
757	-1.36137e-10
758	-1.33274e-10
759	-7.23469e-11
760	-8.97669e-11
761	-3.00092e-11
762	-2.53061e-11
763	6.68452e-12
764	3.27978e-11
765	5.80892e-11
766	4.83553e-11
767	8.25894e-11
768	9.23193e-11
769	6.00567e-11
770	8.44326e-11
771	5.84287e-11
772	6.48007e-11
773	5.66863e-11
774	4.51086e-11
775	4.12467e-11
776	3.55924e-11
777	3.12194e-11
778	3.52847e-11
779	3.00394e-11
780	3.94518e-11
781	3.67523e-11
782	5.46768e-11
783	5.26826e-11
784	6.053e-11
785	8.30548e-11
786	8.43998e-11
787	9.54832e-11
788	1.1114e-10
789	1.18686e-10
790	1.2898e-10
791	1.23339e-10
792	1.38318e-10
793	1.42191e-10
794	1.20723e-10
795	1.34185e-10
796	1.30278e-10
797	1.10462e-10
798	1.13283e-10
799	1.05166e-10
800	9.15326e-11
801	8.58838e-11
802	7.15763e-11
803	6.3924e-11
804	4.36134e-11
805	3.65422e-11
806	2.31909e-11
807	1.02376e-11
808	-2.68677e-12
809	-1.47958e-11
810	-2.04901e-11
811	-3.48068e-11
812	-3.02866e-11
813	-4.58006e-11
814	-5.14641e-11
815	-4.25571e-11
816	-5.46812e-11
817	-5.70748e-11
818	-5.38293e-11
819	-5.96739e-11
820	-6.17421e-11
821	-7.17658e-11
822	-7.12225e-11
823	-7.59822e-11
824	-8.93275e-11
825	-9.02205e-11
826	-9.68396e-11
827	-9.72972e-11
828	-1.05873e-10
829	-1.10139e-10
830	-9.40067e-11
831	-1.0648e-10
832	-8.27292e-11
833	-8.95991e-11
834	-6.44999e-11
835	-6.16897e-11
836	-4.66283e-11
837	-3.04445e-11
838	5.47497e-13
839	1.28869e-11
840	3.54186e-11
841	5.88174e-11
842	8.1028e-11
843	9.14631e-11
844	1.1564e-10
845	1.29982e-10
846	9.80543e-11
847	1.26094e-10
848	1.21256e-10
849	1.14207e-10
850	3.72875e-11
851	5.59136e-11
852	-2.24475e-11
853	-2.86994e-11
854	-7.8821e-11
855	-1.1056e-10
856	-1.47343e-10
857	-1.38232e-10
858	-1.88006e-10
859	-2.05674e-10
860	-1.43044e-10
861	-1.90364e-10
862	-1.8228e-10
863	-9.95666e-11
864	-1.21429e-10
865	-9.18553e-11
866	-9.76696e-12
867	-2.75213e-12
868	7.09358e-11
869	9.9528e-11
870	1.47861e-10
871	1.94128e-10
872	2.38082e-10
873	2.33488e-10
874	2.92203e-10
875	3.16833e-10
876	2.64087e-10
877	3.16845e-10
878	2.35877e-10
879	2.69374e-10
880	2.47568e-10
881	2.26761e-10
882	1.49313e-10
883	1.54754e-10
884	1.217e-10
885	6.64882e-11
886	4.66263e-11
887	1.72272e-11
888	-1.96591e-11
889	-5.16314e-11
890	-5.13405e-11
891	-9.52697e-11
892	-1.17154e-10
893	-9.97215e-11
894	-1.37663e-10
895	-1.4851e-10
896	-1.17667e-10
897	-1.46069e-10
898	-1.45753e-10
899	-1.0286e-10
900	-1.21261e-10
901	-1.10519e-10
902	-1.00855e-10
903	-9.23864e-11
904	-5.90913e-11
905	-6.29016e-11
906	-4.92573e-11
907	-3.4822e-11
908	-2.23459e-11
909	-8.7277e-12
910	-5.17744e-12
911	1.33569e-11
912	1.99714e-11
913	3.53604e-11
914	4.76187e-11
915	6.05121e-11
916	5.82245e-11
917	7.78056e-11
918	8.62693e-11
919	9.44456e-11
920	1.02203e-10
921	6.73566e-11
922	9.09342e-11
923	8.45471e-11
924	3.79911e-11
925	4.73012e-11
926	1.49871e-11
927	3.26539e-12
928	-1.73929e-11
929	-2.50002e-11
930	-4.83425e-11
931	-6.22847e-11
932	-5.50043e-11
933	-7.56838e-11
934	-8.19541e-11
935	-6.66581e-11
936	-8.18154e-11
937	-5.78437e-11
938	-6.95077e-11
939	-6.46605e-11
940	-6.04599e-11
941	-5.67685e-11
942	-5.34364e-11
943	-2.78974e-11
944	-3.38598e-11
945	-2.41032e-11
946	-1.43609e-11
947	-4.70065e-12
948	9.43933e-12
949	1.68731e-11
950	2.72365e-11
951	2.88763e-11
952	4.17593e-11
953	4.18272e-11
954	5.09003e-11
955	5.49924e-11
956	4.52536e-11
957	5.45115e-11
958	5.44002e-11
959	3.64237e-11
960	4.42457e-11
961	4.0072e-11
962	2.65519e-11
963	2.77278e-11
964	2.27304e-11
965	2.71183e-11
966	1.98974e-11
967	1.92635e-11
968	3.71819e-11
969	2.98291e-11
970	4.37277e-11
971	4.50025e-11
972	4.4132e-11
973	5.34843e-11
974	5.67638e-11
975	5.93922e-11
976	3.814e-11
977	4.89438e-11
978	4.30391e-11
979	1.71539e-11
980	1.85091e-11
981	6.11017e-12
982	-9.97709e-12
983	-2.08509e-11
984	-3.40452e-11
985	-3.96808e-11
986	-5.53842e-11
987	-6.13483e-11
988	-7.28952e-11
989	-8.10095e-11
990	-8.86231e-11
991	-7.92646e-11
992	-9.25994e-11
993	-6.81923e-11
994	-7.9439e-11
995	-7.20811e-11
996	-3.05163e-11
997	-3.55496e-11
998	-1.69045e-11
999	2.36288e-11
1000	3.33201e-11
