1	0.000968376
2	-0.000175171
3	-0.00142795
4	-0.00341509
5	-0.00181441
6	-0.000107099
7	0.00120707
8	6.36449e-06
9	-0.000884819
10	-0.00187047
11	-0.000916095
12	-0.000259431
13	0.000366106
14	-0.000343029
15	-0.00101962
16	-0.00147966
17	-0.00136651
18	-0.00100993
19	-0.000692478
20	-0.000547805
21	-0.00106582
22	-0.00130258
23	-0.00159627
24	-0.00120548
25	-0.000839552
26	-0.000559127
27	-0.000465739
28	-0.000720247
29	-0.000951365
30	-0.00113845
31	-0.00111462
32	-0.000936193
33	-0.000770997
34	-0.000632791
35	-0.000656752
36	-0.000775538
37	-0.000887427
38	-0.000983643
39	-0.000960321
40	-0.000864871
41	-0.000776327
42	-0.000738862
43	-0.000774619
44	-0.000812199
45	-0.000862298
46	-0.000896348
47	-0.000855272
48	-0.000785966
49	-0.000720209
50	-0.000671068
51	-0.000664565
52	-0.000697767
53	-0.000724877
54	-0.000745416
55	-0.000747269
56	-0.000725941
57	-0.000690765
58	-0.000660416
59	-0.000649341
60	-0.00065847
61	-0.000685638
62	-0.000697043
63	-0.000703976
64	-0.000694226
65	-0.000675272
66	-0.000660237
67	-0.000655539
68	-0.000662096
69	-0.000667839
70	-0.000676001
71	-0.000676372
72	-0.00067186
73	-0.000668346
74	-0.000665866
75	-0.00066927
76	-0.000672357
77	-0.000674745
78	-0.000674695
79	-0.000669323
80	-0.000667068
81	-0.00066545
82	-0.000667224
83	-0.000670363
84	-0.000672869
85	-0.000674465
86	-0.000671799
87	-0.000667084
88	-0.00066119
89	-0.000654932
90	-0.000649021
91	-0.000643316
92	-0.000638244
93	-0.000634076
94	-0.000631121
95	-0.000629924
96	-0.000630577
97	-0.000633128
98	-0.00063617
99	-0.000640465
100	-0.000644415
101	-0.000647145
102	-0.000647886
103	-0.000646354
104	-0.000644522
105	-0.000641487
106	-0.000638689
107	-0.000636594
108	-0.000635005
109	-0.000634038
110	-0.000633766
111	-0.000634227
112	-0.000635344
113	-0.000636776
114	-0.000637462
115	-0.000638192
116	-0.000639322
117	-0.000640091
118	-0.000639632
119	-0.000638826
120	-0.000636989
121	-0.000634429
122	-0.00063153
123	-0.000628676
124	-0.000626283
125	-0.000624638
126	-0.000623884
127	-0.000624018
128	-0.000624868
129	-0.000626145
130	-0.000627415
131	-0.000628617
132	-0.000629739
133	-0.000630763
134	-0.000631683
135	-0.000632502
136	-0.00063322
137	-0.000633845
138	-0.000634377
139	-0.000634812
140	-0.000635136
141	-0.000635322
142	-0.000635342
143	-0.000635187
144	-0.000634835
145	-0.000634312
146	-0.000633625
147	-0.000632831
148	-0.000631977
149	-0.000631107
150	-0.000630242
151	-0.000629408
152	-0.000628694
153	-0.000628081
154	-0.000627606
155	-0.000627289
156	-0.000627139
157	-0.00062715
158	-0.000627315
159	-0.000627621
160	-0.000628039
161	-0.000628525
162	-0.000629026
163	-0.00062948
164	-0.000629864
165	-0.000630199
166	-0.000630451
167	-0.000630596
168	-0.000630633
169	-0.000630571
170	-0.000630425
171	-0.000630216
172	-0.000629973
173	-0.000629724
174	-0.000629488
175	-0.000629274
176	-0.000629086
177	-0.000628933
178	-0.000628825
179	-0.000628764
180	-0.000628751
181	-0.000628783
182	-0.000628856
183	-0.000628962
184	-0.000629094
185	-0.00062924
186	-0.00062939
187	-0.000629536
188	-0.00062967
189	-0.000629785
190	-0.000629876
191	-0.000629936
192	-0.000629963
193	-0.000629957
194	-0.000629921
195	-0.00062986
196	-0.000629779
197	-0.000629687
198	-0.000629592
199	-0.000629499
200	-0.000629415
201	-0.000629343
202	-0.00062929
203	-0.000629256
204	-0.000629245
205	-0.000629254
206	-0.000629284
207	-0.000629329
208	-0.000629388
209	-0.000629454
210	-0.000629523
211	-0.000629591
212	-0.000629655
213	-0.000629709
214	-0.000629753
215	-0.000629784
216	-0.000629801
217	-0.000629805
218	-0.000629795
219	-0.000629774
220	-0.000629744
221	-0.000629707
222	-0.000629666
223	-0.000629625
224	-0.000629585
225	-0.000629548
226	-0.000629517
227	-0.000629493
228	-0.000629477
229	-0.000629469
230	-0.00062947
231	-0.000629478
232	-0.000629493
233	-0.000629513
234	-0.000629537
235	-0.000629563
236	-0.000629589
237	-0.000629614
238	-0.000629636
239	-0.000629654
240	-0.000629666
241	-0.000629673
242	-0.000629675
243	-0.00062967
244	-0.000629661
245	-0.000629647
246	-0.00062963
247	-0.00062961
248	-0.00062959
249	-0.00062957
250	-0.00062955
251	-0.000629534
252	-0.000629519
253	-0.000629507
254	-0.000629499
255	-0.000629495
256	-0.000629494
257	-0.000629495
258	-0.0006295
259	-0.000629506
260	-0.000629514
261	-0.000629523
262	-0.000629533
263	-0.000629541
264	-0.00062955
265	-0.000629556
266	-0.000629562
267	-0.000629565
268	-0.000629566
269	-0.000629565
270	-0.000629561
271	-0.000629555
272	-0.000629547
273	-0.000629537
274	-0.000629525
275	-0.000629512
276	-0.000629498
277	-0.000629483
278	-0.000629468
279	-0.000629453
280	-0.000629438
281	-0.000629425
282	-0.000629412
283	-0.0006294
284	-0.00062939
285	-0.000629381
286	-0.000629375
287	-0.00062937
288	-0.000629366
289	-0.000629365
290	-0.000629365
291	-0.000629366
292	-0.000629369
293	-0.000629372
294	-0.000629377
295	-0.000629381
296	-0.000629387
297	-0.000629392
298	-0.000629397
299	-0.000629401
300	-0.000629405
301	-0.000629408
302	-0.000629411
303	-0.000629412
304	-0.000629411
305	-0.00062941
306	-0.000629408
307	-0.000629404
308	-0.0006294
309	-0.000629394
310	-0.000629388
311	-0.000629382
312	-0.000629374
313	-0.000629367
314	-0.00062936
315	-0.000629352
316	-0.000629345
317	-0.000629339
318	-0.000629333
319	-0.000629327
320	-0.000629323
321	-0.000629319
322	-0.000629316
323	-0.000629314
324	-0.000629313
325	-0.000629312
326	-0.000629313
327	-0.000629313
328	-0.000629315
329	-0.000629317
330	-0.000629319
331	-0.000629321
332	-0.000629324
333	-0.000629326
334	-0.000629329
335	-0.00062933
336	-0.000629332
337	-0.000629333
338	-0.000629334
339	-0.000629334
340	-0.000629333
341	-0.000629332
342	-0.000629331
343	-0.000629328
344	-0.000629326
345	-0.000629323
346	-0.00062932
347	-0.000629316
348	-0.000629312
349	-0.000629309
350	-0.000629305
351	-0.000629302
352	-0.000629298
353	-0.000629295
354	-0.000629293
355	-0.00062929
356	-0.000629288
357	-0.000629287
358	-0.000629286
359	-0.000629285
360	-0.000629285
361	-0.000629285
362	-0.000629285
363	-0.000629286
364	-0.000629287
365	-0.000629288
366	-0.000629289
367	-0.000629291
368	-0.000629292
369	-0.000629293
370	-0.000629294
371	-0.000629295
372	-0.000629295
373	-0.000629296
374	-0.000629296
375	-0.000629295
376	-0.000629295
377	-0.000629294
378	-0.000629293
379	-0.000629292
380	-0.00062929
381	-0.000629289
382	-0.000629287
383	-0.000629285
384	-0.000629283
385	-0.000629282
386	-0.00062928
387	-0.000629278
388	-0.000629277
389	-0.000629275
390	-0.000629274
391	-0.000629273
392	-0.000629271
393	-0.000629271
394	-0.00062927
395	-0.000629269
396	-0.000629269
397	-0.000629269
398	-0.000629269
399	-0.000629269
400	-0.00062927
401	-0.00062927
402	-0.000629271
403	-0.000629271
404	-0.000629272
405	-0.000629272
406	-0.000629273
407	-0.000629274
408	-0.000629274
409	-0.000629275
410	-0.000629275
411	-0.000629275
412	-0.000629276
413	-0.000629276
414	-0.000629276
415	-0.000629276
416	-0.000629275
417	-0.000629275
418	-0.000629274
419	-0.000629274
420	-0.000629273
421	-0.000629272
422	-0.000629271
423	-0.00062927
424	-0.000629269
425	-0.000629267
426	-0.000629266
427	-0.000629265
428	-0.000629264
429	-0.000629262
430	-0.000629261
431	-0.00062926
432	-0.000629259
433	-0.000629257
434	-0.000629256
435	-0.000629255
436	-0.000629254
437	-0.000629253
438	-0.000629252
439	-0.000629252
440	-0.000629251
441	-0.00062925
442	-0.00062925
443	-0.000629249
444	-0.000629249
445	-0.000629248
446	-0.000629248
447	-0.000629248
448	-0.000629248
449	-0.000629248
450	-0.000629248
451	-0.000629248
452	-0.000629248
453	-0.000629249
454	-0.000629249
455	-0.000629249
456	-0.00062925
457	-0.00062925
458	-0.00062925
459	-0.000629251
460	-0.000629251
461	-0.000629252
462	-0.000629252
463	-0.000629253
464	-0.000629253
465	-0.000629254
466	-0.000629254
467	-0.000629254
468	-0.000629255
469	-0.000629255
470	-0.000629255
471	-0.000629256
472	-0.000629256
473	-0.000629256
474	-0.000629256
475	-0.000629256
476	-0.000629256
477	-0.000629256
478	-0.000629256
479	-0.000629256
480	-0.000629255
481	-0.000629255
482	-0.000629255
483	-0.000629254
484	-0.000629254
485	-0.000629253
486	-0.000629253
487	-0.000629252
488	-0.000629252
489	-0.000629251
490	-0.00062925
491	-0.00062925
492	-0.000629249
493	-0.000629248
494	-0.000629247
495	-0.000629246
496	-0.000629245
497	-0.000629244
498	-0.000629243
499	-0.000629242
500	-0.000629241
501	-0.00062924
502	-0.000629239
503	-0.000629238
504	-0.000629237
505	-0.000629236
506	-0.000629235
507	-0.000629234
508	-0.000629233
509	-0.000629232
510	-0.000629231
511	-0.00062923
512	-0.000629229
513	-0.000629228
514	-0.000629228
515	-0.000629227
516	-0.000629226
517	-0.000629226
518	-0.000629225
519	-0.000629225
520	-0.000629224
521	-0.000629224
522	-0.000629223
523	-0.000629223
524	-0.000629223
525	-0.000629222
526	-0.000629222
527	-0.000629222
528	-0.000629222
529	-0.000629222
530	-0.000629222
531	-0.000629222
532	-0.000629222
533	-0.000629222
534	-0.000629222
535	-0.000629222
536	-0.000629222
537	-0.000629222
538	-0.000629222
539	-0.000629222
540	-0.000629222
541	-0.000629222
542	-0.000629223
543	-0.000629223
544	-0.000629223
545	-0.000629223
546	-0.000629223
547	-0.000629224
548	-0.000629224
549	-0.000629224
550	-0.000629225
551	-0.000629225
552	-0.000629225
553	-0.000629225
554	-0.000629226
555	-0.000629226
556	-0.000629226
557	-0.000629226
558	-0.000629227
559	-0.000629227
560	-0.000629227
561	-0.000629227
562	-0.000629227
563	-0.000629228
564	-0.000629228
565	-0.000629228
566	-0.000629228
567	-0.000629228
568	-0.000629228
569	-0.000629228
570	-0.000629228
571	-0.000629228
572	-0.000629228
573	-0.000629228
574	-0.000629228
575	-0.000629228
576	-0.000629228
577	-0.000629228
578	-0.000629228
579	-0.000629228
580	-0.000629228
581	-0.000629228
582	-0.000629228
583	-0.000629228
584	-0.000629228
585	-0.000629228
586	-0.000629227
587	-0.000629227
588	-0.000629227
589	-0.000629227
590	-0.000629227
591	-0.000629226
592	-0.000629226
593	-0.000629226
594	-0.000629226
595	-0.000629226
596	-0.000629225
597	-0.000629225
598	-0.000629225
599	-0.000629225
600	-0.000629224
601	-0.000629224
602	-0.000629224
603	-0.000629223
604	-0.000629223
605	-0.000629223
606	-0.000629223
607	-0.000629222
608	-0.000629222
609	-0.000629222
610	-0.000629221
611	-0.000629221
612	-0.000629221
613	-0.000629221
614	-0.00062922
615	-0.00062922
616	-0.00062922
617	-0.00062922
618	-0.00062922
619	-0.000629219
620	-0.000629219
621	-0.000629219
622	-0.000629219
623	-0.000629219
624	-0.000629219
625	-0.000629219
626	-0.000629219
627	-0.000629219
628	-0.000629219
629	-0.000629219
630	-0.000629219
631	-0.000629219
632	-0.000629219
633	-0.00062922
634	-0.00062922
635	-0.00062922
636	-0.00062922
637	-0.00062922
638	-0.00062922
639	-0.000629221
640	-0.000629221
641	-0.000629221
642	-0.000629221
643	-0.000629222
644	-0.000629222
645	-0.000629222
646	-0.000629223
647	-0.000629223
648	-0.000629223
649	-0.000629223
650	-0.000629223
651	-0.000629224
652	-0.000629224
653	-0.000629224
654	-0.000629224
655	-0.000629224
656	-0.000629224
657	-0.000629224
658	-0.000629224
659	-0.000629224
660	-0.000629224
661	-0.000629224
662	-0.000629224
663	-0.000629224
664	-0.000629224
665	-0.000629224
666	-0.000629224
667	-0.000629224
668	-0.000629224
669	-0.000629225
670	-0.000629225
671	-0.000629225
672	-0.000629225
673	-0.000629225
674	-0.000629225
675	-0.000629225
676	-0.000629225
677	-0.000629225
678	-0.000629225
679	-0.000629225
680	-0.000629225
681	-0.000629225
682	-0.000629225
683	-0.000629225
684	-0.000629225
685	-0.000629224
686	-0.000629224
687	-0.000629224
688	-0.000629223
689	-0.000629223
690	-0.000629223
691	-0.000629222
692	-0.000629222
693	-0.000629222
694	-0.000629222
695	-0.000629222
696	-0.000629221
697	-0.000629221
698	-0.000629221
699	-0.000629221
700	-0.000629221
701	-0.000629221
702	-0.000629221
703	-0.000629221
704	-0.000629221
705	-0.000629221
706	-0.000629221
707	-0.000629221
708	-0.000629221
709	-0.000629221
710	-0.000629221
711	-0.000629221
712	-0.000629221
713	-0.000629221
714	-0.000629221
715	-0.00062922
716	-0.00062922
717	-0.00062922
718	-0.00062922
719	-0.00062922
720	-0.00062922
721	-0.00062922
722	-0.00062922
723	-0.00062922
724	-0.00062922
725	-0.00062922
726	-0.00062922
727	-0.00062922
728	-0.000629221
729	-0.000629221
730	-0.000629221
731	-0.000629221
732	-0.000629221
733	-0.000629221
734	-0.000629222
735	-0.000629222
736	-0.000629222
737	-0.000629222
738	-0.000629222
739	-0.000629222
740	-0.000629222
741	-0.000629222
742	-0.000629222
743	-0.000629222
744	-0.000629222
745	-0.000629222
746	-0.000629222
747	-0.000629222
748	-0.000629222
749	-0.000629222
750	-0.000629223
751	-0.000629223
752	-0.000629223
753	-0.000629223
754	-0.000629223
755	-0.000629223
756	-0.000629223
757	-0.000629223
758	-0.000629223
759	-0.000629224
760	-0.000629224
761	-0.000629224
762	-0.000629224
763	-0.000629224
764	-0.000629224
765	-0.000629224
766	-0.000629224
767	-0.000629223
768	-0.000629223
769	-0.000629223
770	-0.000629223
771	-0.000629223
772	-0.000629223
773	-0.000629223
774	-0.000629223
775	-0.000629223
776	-0.000629223
777	-0.000629223
778	-0.000629223
779	-0.000629223
780	-0.000629223
781	-0.000629223
782	-0.000629223
783	-0.000629223
784	-0.000629223
785	-0.000629222
786	-0.000629222
787	-0.000629222
788	-0.000629222
789	-0.000629222
790	-0.000629222
791	-0.000629222
792	-0.000629222
793	-0.000629222
794	-0.000629221
795	-0.000629221
796	-0.000629221
797	-0.000629221
798	-0.000629221
799	-0.000629221
800	-0.000629221
801	-0.000629221
802	-0.000629221
803	-0.000629221
804	-0.00062922
805	-0.00062922
806	-0.00062922
807	-0.00062922
808	-0.00062922
809	-0.00062922
810	-0.00062922
811	-0.00062922
812	-0.000629221
813	-0.000629221
814	-0.000629221
815	-0.000629221
816	-0.000629221
817	-0.000629221
818	-0.000629221
819	-0.000629221
820	-0.000629221
821	-0.000629221
822	-0.000629221
823	-0.000629221
824	-0.000629221
825	-0.000629221
826	-0.000629221
827	-0.000629222
828	-0.000629222
829	-0.000629222
830	-0.000629222
831	-0.000629222
832	-0.000629222
833	-0.000629222
834	-0.000629222
835	-0.000629222
836	-0.000629222
837	-0.000629222
838	-0.000629222
839	-0.000629222
840	-0.000629222
841	-0.000629222
842	-0.000629222
843	-0.000629222
844	-0.000629222
845	-0.000629222
846	-0.000629222
847	-0.000629222
848	-0.000629221
849	-0.000629221
850	-0.000629221
851	-0.000629221
852	-0.000629221
853	-0.000629221
854	-0.000629221
855	-0.000629221
856	-0.000629222
857	-0.000629222
858	-0.000629222
859	-0.000629222
860	-0.000629222
861	-0.000629222
862	-0.000629223
863	-0.000629223
864	-0.000629223
865	-0.000629223
866	-0.000629223
867	-0.000629223
868	-0.000629223
869	-0.000629223
870	-0.000629223
871	-0.000629222
872	-0.000629222
873	-0.000629222
874	-0.000629222
875	-0.000629221
876	-0.000629221
877	-0.000629221
878	-0.000629221
879	-0.00062922
880	-0.00062922
881	-0.00062922
882	-0.00062922
883	-0.00062922
884	-0.000629219
885	-0.000629219
886	-0.000629219
887	-0.000629219
888	-0.000629219
889	-0.000629219
890	-0.000629219
891	-0.00062922
892	-0.00062922
893	-0.00062922
894	-0.00062922
895	-0.00062922
896	-0.00062922
897	-0.00062922
898	-0.00062922
899	-0.000629221
900	-0.000629221
901	-0.000629221
902	-0.000629221
903	-0.000629221
904	-0.000629221
905	-0.000629221
906	-0.000629221
907	-0.000629221
908	-0.000629221
909	-0.000629221
910	-0.000629221
911	-0.000629221
912	-0.000629221
913	-0.000629221
914	-0.000629221
915	-0.000629221
916	-0.000629221
917	-0.000629221
918	-0.000629221
919	-0.000629221
920	-0.000629221
921	-0.000629221
922	-0.00062922
923	-0.00062922
924	-0.00062922
925	-0.00062922
926	-0.00062922
927	-0.00062922
928	-0.00062922
929	-0.00062922
930	-0.00062922
931	-0.00062922
932	-0.00062922
933	-0.000629221
934	-0.000629221
935	-0.000629221
936	-0.000629221
937	-0.000629221
938	-0.000629221
939	-0.000629221
940	-0.000629221
941	-0.000629221
942	-0.000629221
943	-0.000629221
944	-0.000629221
945	-0.000629221
946	-0.000629221
947	-0.000629221
948	-0.000629221
949	-0.000629221
950	-0.000629221
951	-0.000629221
952	-0.000629221
953	-0.000629221
954	-0.000629221
955	-0.000629221
956	-0.000629221
957	-0.000629221
958	-0.000629221
959	-0.000629221
960	-0.000629221
961	-0.000629221
962	-0.000629221
963	-0.000629221
964	-0.000629221
965	-0.000629221
966	-0.000629221
967	-0.000629221
968	-0.000629221
969	-0.00062922
970	-0.00062922
971	-0.00062922
972	-0.00062922
973	-0.00062922
974	-0.00062922
975	-0.00062922
976	-0.00062922
977	-0.00062922
978	-0.00062922
979	-0.00062922
980	-0.00062922
981	-0.00062922
982	-0.00062922
983	-0.00062922
984	-0.00062922
985	-0.00062922
986	-0.00062922
987	-0.00062922
988	-0.00062922
989	-0.00062922
990	-0.00062922
991	-0.000629221
992	-0.000629221
993	-0.000629221
994	-0.000629221
995	-0.000629221
996	-0.000629221
997	-0.000629221
998	-0.000629221
999	-0.000629221
1000	-0.000629221
