1	0.00509017
2	0.00302516
3	0.00291725
4	0.00447248
5	0.0035345
6	0.00378759
7	0.0030572
8	0.00286738
9	0.0026131
10	0.00269936
11	0.0026598
12	0.00205866
13	0.00167264
14	0.00193725
15	0.0018999
16	0.00123415
17	0.000718017
18	0.000739207
19	0.000855088
20	0.000441108
21	0.00102475
22	0.000587174
23	0.000825579
24	0.000845206
25	0.00078743
26	0.000680999
27	0.000279067
28	0.00051519
29	0.000559732
30	0.000543998
31	0.000266617
32	0.000407017
33	0.000424612
34	0.000428271
35	0.00022006
36	0.000313253
37	0.000316271
38	0.00031958
39	0.000191419
40	0.000263416
41	0.000255005
42	9.97322e-05
43	0.000138336
44	8.75977e-05
45	0.000116623
46	0.000142677
47	0.000126887
48	0.000101076
49	0.000107165
50	9.46371e-05
51	8.49392e-05
52	6.27669e-05
53	6.31599e-05
54	5.51646e-05
55	5.3422e-05
56	3.80546e-05
57	9.68132e-05
58	8.67436e-05
59	3.24927e-05
60	2.98808e-05
61	6.68139e-05
62	2.76841e-05
63	2.17544e-05
64	1.91159e-05
65	4.64219e-05
66	4.44458e-05
67	1.524e-05
68	1.35855e-05
69	1.36474e-05
70	2.87676e-05
71	1.17352e-05
72	9.70131e-06
73	8.91766e-06
74	8.03131e-06
75	7.13073e-06
76	6.83451e-06
77	6.26558e-06
78	5.99259e-06
79	1.13093e-05
80	5.00733e-06
81	4.46786e-06
82	4.1674e-06
83	5.5228e-06
84	5.75494e-06
85	7.8915e-06
86	1.00697e-05
87	8.62553e-06
88	1.56799e-05
89	1.59211e-05
90	1.75225e-05
91	1.68576e-05
92	1.56476e-05
93	1.44835e-05
94	1.3057e-05
95	9.86994e-06
96	8.32469e-06
97	9.95737e-06
98	5.82968e-06
99	7.90232e-06
100	7.90855e-06
101	7.64669e-06
102	6.5588e-06
103	6.51495e-06
104	3.43528e-06
105	5.35586e-06
106	4.84457e-06
107	4.85983e-06
108	4.047e-06
109	3.32559e-06
110	2.90203e-06
111	2.41752e-06
112	2.17726e-06
113	2.21084e-06
114	1.31522e-06
115	1.19429e-06
116	1.93904e-06
117	2.54433e-06
118	4.64197e-06
119	3.46149e-06
120	5.21523e-06
121	1.12369e-05
122	9.89565e-06
123	1.0149e-05
124	9.94424e-06
125	8.09982e-06
126	6.63131e-06
127	7.47138e-06
128	8.00571e-06
129	7.29343e-06
130	6.23866e-06
131	5.38858e-06
132	4.77847e-06
133	4.4925e-06
134	4.31664e-06
135	4.15926e-06
136	3.88727e-06
137	3.54404e-06
138	3.12865e-06
139	2.612e-06
140	2.31524e-06
141	2.05432e-06
142	2.10797e-06
143	2.0071e-06
144	1.93723e-06
145	1.77357e-06
146	1.64494e-06
147	1.82061e-06
148	1.54918e-06
149	1.4283e-06
150	1.42009e-06
151	1.95895e-06
152	1.28043e-06
153	1.24234e-06
154	1.19585e-06
155	1.07976e-06
156	8.96934e-07
157	8.61533e-07
158	6.9119e-07
159	6.4544e-07
160	7.04554e-07
161	7.51165e-07
162	7.30427e-07
163	6.47287e-07
164	5.54688e-07
165	4.92077e-07
166	4.27251e-07
167	3.45433e-07
168	3.04184e-07
169	3.06027e-07
170	3.27625e-07
171	3.72396e-07
172	3.90038e-07
173	3.81196e-07
174	3.59488e-07
175	3.305e-07
176	2.97758e-07
177	2.66173e-07
178	2.32125e-07
179	1.94244e-07
180	1.60746e-07
181	1.52078e-07
182	1.76578e-07
183	2.03525e-07
184	2.23458e-07
185	2.33369e-07
186	2.32804e-07
187	2.23078e-07
188	2.06265e-07
189	1.8428e-07
190	1.58759e-07
191	1.31545e-07
192	1.05686e-07
193	9.85759e-08
194	1.16628e-07
195	1.35844e-07
196	1.496e-07
197	1.56978e-07
198	1.58163e-07
199	1.53802e-07
200	1.44688e-07
201	1.31642e-07
202	1.15626e-07
203	9.81504e-08
204	8.40246e-08
205	8.07733e-08
206	8.85537e-08
207	1.00274e-07
208	1.09629e-07
209	1.15246e-07
210	1.16815e-07
211	1.14554e-07
212	1.08998e-07
213	1.00811e-07
214	9.07112e-08
215	7.9546e-08
216	6.84118e-08
217	6.04683e-08
218	6.41006e-08
219	7.19127e-08
220	7.88241e-08
221	8.38337e-08
222	8.66006e-08
223	8.70976e-08
224	8.54708e-08
225	8.19999e-08
226	7.70743e-08
227	7.1207e-08
228	6.51954e-08
229	6.05388e-08
230	5.90724e-08
231	6.07756e-08
232	6.54091e-08
233	7.00979e-08
234	7.39535e-08
235	7.67429e-08
236	7.5708e-08
237	7.14714e-08
238	6.61797e-08
239	6.0688e-08
240	5.50854e-08
241	4.95989e-08
242	4.52197e-08
243	4.46724e-08
244	4.69732e-08
245	4.97987e-08
246	5.20834e-08
247	5.34907e-08
248	5.39025e-08
249	5.33251e-08
250	5.18522e-08
251	4.96388e-08
252	4.68945e-08
253	1.24264e-07
254	4.58233e-08
255	4.38544e-08
256	4.15603e-08
257	1.19133e-07
258	4.31792e-08
259	4.2917e-08
260	1.20186e-07
261	4.48896e-08
262	1.23331e-07
263	4.55505e-08
264	1.22451e-07
265	4.36419e-08
266	1.17166e-07
267	1.1982e-07
268	1.23626e-07
269	4.14786e-08
270	1.15658e-07
271	1.15864e-07
272	1.17764e-07
273	1.2019e-07
274	1.2219e-07
275	1.23175e-07
276	1.22974e-07
277	1.2172e-07
278	1.19718e-07
279	1.17309e-07
280	1.14768e-07
281	1.12247e-07
282	1.09813e-07
283	1.07478e-07
284	1.0523e-07
285	1.0308e-07
286	1.01088e-07
287	9.92933e-08
288	9.77027e-08
289	9.63369e-08
290	9.5267e-08
291	9.44632e-08
292	9.37692e-08
293	9.3009e-08
294	9.21153e-08
295	9.10674e-08
296	8.98561e-08
297	8.84831e-08
298	8.69548e-08
299	8.52857e-08
300	8.34956e-08
301	8.16122e-08
302	7.96682e-08
303	7.77095e-08
304	7.58053e-08
305	7.40429e-08
306	7.25267e-08
307	7.12866e-08
308	7.02972e-08
309	6.94636e-08
310	6.87159e-08
311	6.79658e-08
312	6.71638e-08
313	6.62857e-08
314	6.53188e-08
315	6.42603e-08
316	6.31149e-08
317	6.18951e-08
318	6.06209e-08
319	5.93209e-08
320	5.80432e-08
321	5.683e-08
322	5.57173e-08
323	5.47261e-08
324	5.38931e-08
325	5.32465e-08
326	5.27457e-08
327	5.22885e-08
328	5.18018e-08
329	5.12587e-08
330	5.06444e-08
331	4.99495e-08
332	4.91741e-08
333	4.83195e-08
334	4.73928e-08
335	4.6401e-08
336	4.53571e-08
337	4.42759e-08
338	4.31756e-08
339	4.20795e-08
340	4.10158e-08
341	4.00224e-08
342	3.91494e-08
343	3.84105e-08
344	3.77996e-08
345	3.72642e-08
346	3.67627e-08
347	3.62593e-08
348	3.57318e-08
349	3.51704e-08
350	3.45717e-08
351	3.39371e-08
352	3.32729e-08
353	3.25891e-08
354	3.19036e-08
355	3.12397e-08
356	3.06183e-08
357	3.00564e-08
358	2.95705e-08
359	2.9173e-08
360	2.88519e-08
361	2.85742e-08
362	2.82974e-08
363	2.80015e-08
364	2.76761e-08
365	2.73151e-08
366	2.69157e-08
367	2.6477e-08
368	2.60003e-08
369	2.54882e-08
370	2.49451e-08
371	2.43766e-08
372	2.37898e-08
373	2.31933e-08
374	2.25978e-08
375	2.20137e-08
376	2.14544e-08
377	2.09377e-08
378	2.04867e-08
379	2.00977e-08
380	1.97647e-08
381	1.94614e-08
382	1.91658e-08
383	1.88649e-08
384	1.85517e-08
385	1.82237e-08
386	1.78813e-08
387	1.22882e-07
388	2.29394e-08
389	2.26242e-08
390	2.12675e-08
391	1.93548e-08
392	1.21831e-07
393	2.14953e-08
394	2.03107e-08
395	1.86608e-08
396	1.19576e-07
397	2.08496e-08
398	1.96859e-08
399	1.23351e-07
400	2.2054e-08
401	2.04588e-08
402	1.2176e-07
403	2.17395e-08
404	1.9719e-08
405	1.16765e-07
406	2.0248e-08
407	1.24717e-07
408	2.1722e-08
409	1.95226e-08
410	1.13645e-07
411	1.92836e-08
412	1.1801e-07
413	1.98721e-08
414	1.2088e-07
415	2.05423e-08
416	1.21669e-07
417	2.07099e-08
418	1.20482e-07
419	2.02228e-08
420	1.17786e-07
421	1.92904e-08
422	1.14268e-07
423	1.82405e-08
424	1.10458e-07
425	1.73131e-08
426	1.06679e-07
427	1.23383e-07
428	1.94636e-08
429	1.17062e-07
430	1.9074e-08
431	1.093e-07
432	1.24113e-07
433	2.00744e-08
434	1.14265e-07
435	1.8377e-08
436	1.03921e-07
437	1.16754e-07
438	1.78872e-08
439	1.05955e-07
440	1.18673e-07
441	1.8325e-08
442	1.06535e-07
443	1.18522e-07
444	1.86466e-08
445	1.05063e-07
446	1.1613e-07
447	1.83329e-08
448	1.01904e-07
449	1.12111e-07
450	1.23791e-07
451	1.96884e-08
452	1.07051e-07
453	1.16516e-07
454	1.85335e-08
455	9.93125e-08
456	1.07668e-07
457	1.17394e-07
458	1.80366e-08
459	9.95054e-08
460	1.07428e-07
461	1.16617e-07
462	1.8013e-08
463	9.78453e-08
464	1.05013e-07
465	1.13384e-07
466	1.22732e-07
467	1.93856e-08
468	1.01392e-07
469	1.07671e-07
470	1.15111e-07
471	1.23473e-07
472	1.949e-08
473	1.00161e-07
474	1.05399e-07
475	1.11772e-07
476	1.19021e-07
477	1.78728e-08
478	9.53909e-08
479	1.00003e-07
480	1.05732e-07
481	1.12322e-07
482	1.19686e-07
483	1.80399e-08
484	9.57296e-08
485	1.00174e-07
486	1.05956e-07
487	1.1305e-07
488	1.21791e-07
489	2.25024e-08
490	9.68247e-08
491	1.02245e-07
492	1.1093e-07
493	1.24515e-07
494	2.80545e-08
495	9.57091e-08
496	1.00343e-07
497	1.13219e-07
498	2.55023e-08
499	8.73141e-08
500	9.72385e-08
501	1.15623e-07
502	2.72378e-08
503	8.39886e-08
504	1.01426e-07
505	2.54309e-08
506	7.67121e-08
507	9.41962e-08
508	2.60854e-08
509	6.84903e-08
510	7.76164e-08
511	1.04554e-07
512	2.64517e-08
513	7.04536e-08
514	7.70219e-08
515	8.99035e-08
516	1.10818e-07
517	2.68478e-08
518	8.26517e-08
519	1.22831e-07
520	4.68859e-08
521	9.8366e-08
522	2.87899e-08
523	7.62156e-08
524	1.08055e-07
525	2.99386e-08
526	7.7357e-08
527	9.58623e-08
528	2.50229e-08
529	6.76531e-08
530	9.62313e-08
531	3.18371e-08
532	7.42542e-08
533	1.15493e-07
534	4.83445e-08
535	8.63645e-08
536	8.38412e-08
537	9.76633e-08
538	2.53436e-08
539	9.60492e-08
540	2.85217e-08
541	6.84397e-08
542	8.21331e-08
543	1.10379e-07
544	2.75215e-08
545	7.96591e-08
546	1.22657e-07
547	4.51528e-08
548	9.61362e-08
549	2.88932e-08
550	6.86679e-08
551	9.53647e-08
552	2.60354e-08
553	7.36765e-08
554	9.8152e-08
555	2.68064e-08
556	6.57377e-08
557	9.15144e-08
558	2.91875e-08
559	6.97271e-08
560	1.12508e-07
561	4.95546e-08
562	8.64886e-08
563	9.265e-08
564	1.03116e-07
565	2.14445e-08
566	1.03529e-07
567	3.12659e-08
568	8.72602e-08
569	2.60381e-08
570	6.25472e-08
571	7.08604e-08
572	8.13025e-08
573	9.58794e-08
574	1.10474e-07
575	1.95802e-08
576	8.58654e-08
577	1.05159e-07
578	2.9533e-08
579	6.49207e-08
580	7.37698e-08
581	9.88847e-08
582	2.57325e-08
583	7.91523e-08
584	1.16423e-07
585	3.20789e-08
586	7.89105e-08
587	1.00481e-07
588	2.48024e-08
589	7.32334e-08
590	1.11101e-07
591	3.55079e-08
592	8.51863e-08
593	2.28841e-08
594	6.93636e-08
595	9.83625e-08
596	2.52206e-08
597	7.1475e-08
598	9.21942e-08
599	2.32036e-08
600	6.37989e-08
601	8.88391e-08
602	2.48163e-08
603	6.94171e-08
604	1.03618e-07
605	3.52929e-08
606	7.34782e-08
607	8.65487e-08
608	2.09969e-08
609	7.78728e-08
610	1.2257e-07
611	3.41601e-08
612	7.4785e-08
613	9.01376e-08
614	1.9808e-08
615	7.64088e-08
616	2.21884e-08
617	6.03773e-08
618	8.12227e-08
619	1.98608e-08
620	6.40825e-08
621	9.10855e-08
622	2.22735e-08
623	6.45784e-08
624	8.21698e-08
625	1.11877e-07
626	2.79457e-08
627	7.59848e-08
628	1.14973e-07
629	3.73347e-08
630	8.66207e-08
631	2.37795e-08
632	6.71161e-08
633	9.96786e-08
634	2.42194e-08
635	7.66811e-08
636	1.05787e-07
637	2.58766e-08
638	6.62262e-08
639	9.12974e-08
640	2.36635e-08
641	6.89914e-08
642	1.12329e-07
643	4.07074e-08
644	8.03025e-08
645	8.41996e-08
646	1.19239e-07
647	2.60503e-08
648	8.95063e-08
649	2.17409e-08
650	6.20882e-08
651	8.02738e-08
652	1.1228e-07
653	1.66418e-08
654	8.31818e-08
655	1.19831e-07
656	2.67316e-08
657	7.60467e-08
658	9.35003e-08
659	2.05401e-08
660	6.7705e-08
661	1.02589e-07
662	2.49801e-08
663	7.79218e-08
664	1.05508e-07
665	2.1087e-08
666	7.43102e-08
667	1.06214e-07
668	2.81329e-08
669	7.47585e-08
670	1.08344e-07
671	3.41641e-08
672	7.97139e-08
673	1.05139e-07
674	2.26711e-08
675	8.30344e-08
676	1.23751e-07
677	3.35473e-08
678	7.43745e-08
679	9.53034e-08
680	2.14703e-08
681	7.96797e-08
682	2.14972e-08
683	5.93333e-08
684	7.63515e-08
685	1.0797e-07
686	2.32301e-08
687	7.37002e-08
688	1.03203e-07
689	2.51609e-08
690	6.49344e-08
691	8.46218e-08
692	1.98692e-08
693	6.47074e-08
694	1.00928e-07
695	2.76683e-08
696	7.56329e-08
697	1.12093e-07
698	3.48472e-08
699	7.40675e-08
700	9.48794e-08
701	2.10043e-08
702	8.25683e-08
703	2.17774e-08
704	6.1632e-08
705	8.03472e-08
706	1.1076e-07
707	2.22672e-08
708	7.38213e-08
709	1.10328e-07
710	3.30106e-08
711	7.84717e-08
712	1.20528e-07
713	4.30013e-08
714	8.3342e-08
715	9.37488e-08
716	2.02586e-08
717	9.5913e-08
718	2.75044e-08
719	7.17502e-08
720	9.80252e-08
721	2.19697e-08
722	6.81836e-08
723	1.02184e-07
724	3.00076e-08
725	7.59484e-08
726	1.14625e-07
727	4.54031e-08
728	8.171e-08
729	8.23974e-08
730	1.15843e-07
731	2.66914e-08
732	8.92091e-08
733	2.41345e-08
734	5.77003e-08
735	6.85961e-08
736	9.14574e-08
737	1.59232e-08
738	7.11315e-08
739	1.04408e-07
740	3.05256e-08
741	7.11974e-08
742	9.24097e-08
743	2.72071e-08
744	6.51819e-08
745	1.01313e-07
746	2.49707e-08
747	7.34849e-08
748	1.04498e-07
749	2.70758e-08
750	6.47083e-08
751	9.30216e-08
752	2.67496e-08
753	7.08793e-08
754	1.1908e-07
755	4.85749e-08
756	8.61866e-08
757	9.69214e-08
758	1.24104e-07
759	3.0394e-08
760	1.01309e-07
761	2.78497e-08
762	9.80852e-08
763	3.03071e-08
764	7.515e-08
765	9.62391e-08
766	2.07081e-08
767	7.6871e-08
768	1.20434e-07
769	3.94357e-08
770	8.70373e-08
771	2.17236e-08
772	6.71901e-08
773	1.0049e-07
774	2.66218e-08
775	6.91618e-08
776	8.96388e-08
777	1.23029e-07
778	2.86099e-08
779	8.14434e-08
780	2.08405e-08
781	7.35401e-08
782	2.75923e-08
783	6.99586e-08
784	1.04434e-07
785	3.19771e-08
786	7.65458e-08
787	1.04293e-07
788	2.65967e-08
789	7.8152e-08
790	1.08908e-07
791	3.06999e-08
792	6.52922e-08
793	9.06424e-08
794	2.38337e-08
795	7.24667e-08
796	1.246e-07
797	5.18956e-08
798	9.29037e-08
799	1.08974e-07
800	2.96284e-08
801	9.32186e-08
802	2.77045e-08
803	9.65514e-08
804	3.08986e-08
805	7.49398e-08
806	9.12315e-08
807	1.20071e-07
808	2.86813e-08
809	8.91757e-08
810	2.252e-08
811	7.90287e-08
812	2.82471e-08
813	6.56732e-08
814	9.0218e-08
815	2.86548e-08
816	6.78102e-08
817	9.5919e-08
818	2.59193e-08
819	7.38383e-08
820	1.00291e-07
821	2.88499e-08
822	5.98213e-08
823	8.24069e-08
824	2.41948e-08
825	6.48086e-08
826	1.10742e-07
827	4.99613e-08
828	8.73285e-08
829	9.88091e-08
830	2.4442e-08
831	9.13445e-08
832	2.86478e-08
833	8.80097e-08
834	2.83293e-08
835	6.72383e-08
836	7.8561e-08
837	9.90659e-08
838	2.2662e-08
839	7.967e-08
840	1.18913e-07
841	4.26978e-08
842	8.5015e-08
843	2.32699e-08
844	6.27725e-08
845	9.74462e-08
846	2.79742e-08
847	7.09844e-08
848	8.94562e-08
849	1.20379e-07
850	3.11316e-08
851	8.121e-08
852	2.17821e-08
853	7.20868e-08
854	2.95891e-08
855	6.74653e-08
856	1.00455e-07
857	3.67062e-08
858	7.59634e-08
859	9.493e-08
860	2.59346e-08
861	8.11066e-08
862	1.19178e-07
863	3.4895e-08
864	6.42261e-08
865	8.01786e-08
866	2.12354e-08
867	6.85295e-08
868	2.30694e-08
869	5.28657e-08
870	6.01771e-08
871	7.54216e-08
872	1.13202e-07
873	4.28568e-08
874	7.82355e-08
875	8.53298e-08
876	2.35535e-08
877	7.80097e-08
878	2.45978e-08
879	5.64852e-08
880	7.08773e-08
881	9.91253e-08
882	2.45944e-08
883	7.45269e-08
884	1.14051e-07
885	4.1954e-08
886	8.40604e-08
887	2.43063e-08
888	5.94883e-08
889	8.81583e-08
890	2.4405e-08
891	6.65569e-08
892	8.85623e-08
893	2.40522e-08
894	6.06561e-08
895	8.54697e-08
896	2.87006e-08
897	6.27844e-08
898	1.00887e-07
899	4.58483e-08
900	7.62077e-08
901	7.74656e-08
902	7.81669e-08
903	1.23285e-07
904	3.28317e-08
905	8.60201e-08
906	1.11644e-07
907	3.13936e-08
908	5.94386e-08
909	8.86566e-08
910	2.84795e-08
911	7.50611e-08
912	2.42496e-08
913	5.78837e-08
914	6.15573e-08
915	8.73813e-08
916	2.24099e-08
917	5.42478e-08
918	6.27983e-08
919	8.32624e-08
920	1.14013e-07
921	2.95592e-08
922	6.99862e-08
923	1.1933e-07
924	5.26681e-08
925	1.00214e-07
926	3.56494e-08
927	6.83866e-08
928	9.48222e-08
929	2.54846e-08
930	8.28918e-08
931	1.20669e-07
932	3.42569e-08
933	6.5223e-08
934	8.56647e-08
935	2.48111e-08
936	6.6649e-08
937	2.31037e-08
938	5.1478e-08
939	5.41424e-08
940	6.02156e-08
941	7.19784e-08
942	9.97706e-08
943	2.38131e-08
944	6.09136e-08
945	6.43958e-08
946	8.10066e-08
947	1.10766e-07
948	2.82404e-08
949	6.77028e-08
950	1.1514e-07
951	4.40277e-08
952	9.24368e-08
953	2.84143e-08
954	6.80216e-08
955	1.00184e-07
956	2.55152e-08
957	7.76212e-08
958	1.09527e-07
959	2.90313e-08
960	6.51985e-08
961	9.20083e-08
962	2.62645e-08
963	6.91031e-08
964	1.1862e-07
965	5.0813e-08
966	9.00306e-08
967	1.02798e-07
968	2.16046e-08
969	9.58953e-08
970	2.8546e-08
971	9.19328e-08
972	2.76579e-08
973	6.77907e-08
974	8.04286e-08
975	1.02111e-07
976	2.04506e-08
977	8.20328e-08
978	1.20752e-07
979	3.81678e-08
980	8.28413e-08
981	1.17265e-07
982	4.1369e-08
983	8.1947e-08
984	1.13781e-07
985	2.82186e-08
986	9.7887e-08
987	2.67032e-08
988	7.00216e-08
989	8.5424e-08
990	1.14304e-07
991	2.10012e-08
992	8.62727e-08
993	1.87477e-08
994	6.76298e-08
995	1.10327e-07
996	3.91747e-08
997	8.70691e-08
998	1.04406e-07
999	1.88651e-08
1000	9.30838e-08
