1	0.588489
2	0.0254941
3	0.00384573
4	0.000864682
5	0.000302909
6	0.000142412
7	8.14346e-05
8	5.21916e-05
9	3.63643e-05
10	2.74188e-05
11	2.16504e-05
12	1.84607e-05
13	1.6312e-05
14	1.4894e-05
15	1.32907e-05
16	1.21246e-05
17	1.09392e-05
18	9.86755e-06
19	1.7691e-05
20	9.26322e-06
21	1.60211e-05
22	8.33162e-06
23	1.38981e-05
24	7.00284e-06
25	1.13711e-05
26	5.90394e-06
27	9.49679e-06
28	1.33879e-05
29	5.35056e-06
30	8.03759e-06
31	1.08423e-05
32	4.4221e-06
33	6.29433e-06
34	8.25098e-06
35	1.0279e-05
36	3.69453e-06
37	4.82548e-06
38	5.98289e-06
39	7.13798e-06
40	8.26559e-06
41	9.36247e-06
42	1.04711e-05
43	3.60819e-06
44	4.86802e-06
45	8.45346e-06
46	1.32148e-05
47	1.2907e-05
48	1.45623e-05
49	1.93934e-05
50	2.25424e-05
51	2.29811e-05
52	2.12835e-05
53	1.94341e-05
54	1.77942e-05
55	1.61818e-05
56	1.4602e-05
57	1.33005e-05
58	1.26762e-05
59	1.27929e-05
60	1.32688e-05
61	1.38072e-05
62	1.42102e-05
63	1.43552e-05
64	1.42069e-05
65	1.37595e-05
66	1.30527e-05
67	1.21617e-05
68	9.88697e-06
69	1.59633e-05
70	1.03017e-05
71	8.08122e-06
72	1.27399e-05
73	7.88642e-06
74	1.18686e-05
75	6.90255e-06
76	1.01238e-05
77	5.70527e-06
78	8.23141e-06
79	1.10357e-05
80	5.07305e-06
81	6.95851e-06
82	9.1386e-06
83	1.18853e-05
84	4.72595e-06
85	6.79795e-06
86	1.03121e-05
87	8.36904e-06
88	1.47171e-05
89	1.34465e-05
90	1.34172e-05
91	1.28953e-05
92	1.15e-05
93	8.88418e-06
94	1.22619e-05
95	8.01586e-06
96	1.12749e-05
97	8.02136e-06
98	1.23146e-05
99	9.21312e-06
100	1.46625e-05
101	1.04223e-05
102	8.91734e-06
103	1.45296e-05
104	9.81379e-06
105	1.54662e-05
106	9.57113e-06
107	1.48116e-05
108	8.59241e-06
109	1.30325e-05
110	7.14606e-06
111	1.05722e-05
112	5.58154e-06
113	8.03641e-06
114	1.08194e-05
115	4.67564e-06
116	6.34265e-06
117	8.35515e-06
118	1.12523e-05
119	5.25674e-06
120	7.93295e-06
121	1.37546e-05
122	1.11795e-05
123	1.21303e-05
124	1.32307e-05
125	1.33237e-05
126	1.23921e-05
127	1.07384e-05
128	8.32724e-06
129	1.19667e-05
130	8.4063e-06
131	1.24214e-05
132	9.12864e-06
133	1.40061e-05
134	1.00863e-05
135	8.83e-06
136	1.46079e-05
137	1.01705e-05
138	8.53597e-06
139	1.41009e-05
140	9.19855e-06
141	1.45464e-05
142	8.68842e-06
143	1.34036e-05
144	7.55658e-06
145	1.1428e-05
146	6.15486e-06
147	9.14078e-06
148	1.26927e-05
149	5.35147e-06
150	7.51672e-06
151	1.01899e-05
152	2.65619e-06
153	2.65982e-06
154	2.66355e-06
155	2.667e-06
156	2.6704e-06
157	2.67289e-06
158	2.67607e-06
159	2.6794e-06
160	2.68311e-06
161	2.68709e-06
162	2.69122e-06
163	2.69536e-06
164	2.6994e-06
165	2.70327e-06
166	2.70698e-06
167	2.71055e-06
168	2.714e-06
169	2.71737e-06
170	2.72065e-06
171	2.72382e-06
172	2.72688e-06
173	2.72979e-06
174	2.73252e-06
175	2.7351e-06
176	2.73756e-06
177	2.73986e-06
178	2.74203e-06
179	2.74409e-06
180	2.7461e-06
181	2.74804e-06
182	2.7499e-06
183	2.75164e-06
184	2.75327e-06
185	2.7548e-06
186	2.75629e-06
187	2.75773e-06
188	2.7591e-06
189	2.7604e-06
190	2.76162e-06
191	2.76282e-06
192	2.76398e-06
193	2.76512e-06
194	2.76627e-06
195	2.76742e-06
196	2.76857e-06
197	2.76974e-06
198	2.77093e-06
199	2.77211e-06
200	2.77332e-06
201	2.77455e-06
202	2.77578e-06
203	2.77703e-06
204	2.77829e-06
205	2.77958e-06
206	2.78087e-06
207	2.78219e-06
208	2.78352e-06
209	2.78487e-06
210	2.78621e-06
211	2.78755e-06
212	2.78889e-06
213	2.79024e-06
214	2.79159e-06
215	2.79293e-06
216	2.79424e-06
217	2.79554e-06
218	2.79682e-06
219	2.7981e-06
220	2.79937e-06
221	2.80062e-06
222	2.80186e-06
223	2.80309e-06
224	2.80431e-06
225	2.80551e-06
226	2.80668e-06
227	2.80784e-06
228	2.80897e-06
229	2.81008e-06
230	2.81117e-06
231	2.81225e-06
232	2.8133e-06
233	2.81433e-06
234	2.81534e-06
235	2.81633e-06
236	2.8173e-06
237	2.81826e-06
238	2.81919e-06
239	2.8201e-06
240	2.82099e-06
241	2.82186e-06
242	2.82271e-06
243	2.82355e-06
244	2.82436e-06
245	2.82516e-06
246	2.82594e-06
247	2.8267e-06
248	2.82744e-06
249	2.82817e-06
250	2.82888e-06
251	2.82958e-06
252	2.83026e-06
253	2.83089e-06
254	2.83156e-06
255	2.83219e-06
256	2.8328e-06
257	2.83338e-06
258	2.83398e-06
259	2.83455e-06
260	2.83508e-06
261	2.83564e-06
262	2.83615e-06
263	2.83668e-06
264	2.83716e-06
265	2.83767e-06
266	2.83812e-06
267	2.83859e-06
268	2.83904e-06
269	2.8395e-06
270	2.83991e-06
271	2.84033e-06
272	2.84074e-06
273	2.84114e-06
274	2.84153e-06
275	2.84191e-06
276	2.84229e-06
277	2.84265e-06
278	2.84301e-06
279	2.84335e-06
280	2.84369e-06
281	2.84402e-06
282	2.84434e-06
283	2.84466e-06
284	2.84496e-06
285	2.84526e-06
286	2.84555e-06
287	2.84584e-06
288	2.84611e-06
289	2.84639e-06
290	2.84665e-06
291	2.84691e-06
292	2.84716e-06
293	2.84741e-06
294	2.84765e-06
295	2.84788e-06
296	2.84811e-06
297	2.84833e-06
298	2.84855e-06
299	2.84877e-06
300	2.84897e-06
301	2.84918e-06
302	2.84937e-06
303	2.84957e-06
304	2.84975e-06
305	2.84994e-06
306	2.85012e-06
307	2.85029e-06
308	2.85046e-06
309	2.85063e-06
310	2.85079e-06
311	2.85095e-06
312	2.8511e-06
313	2.85125e-06
314	2.8514e-06
315	2.85155e-06
316	2.85169e-06
317	2.85182e-06
318	2.85195e-06
319	2.85208e-06
320	2.85221e-06
321	2.85234e-06
322	2.85246e-06
323	2.85257e-06
324	2.85269e-06
325	2.8528e-06
326	2.85291e-06
327	2.85302e-06
328	2.85312e-06
329	2.85322e-06
330	2.85332e-06
331	2.85342e-06
332	2.85351e-06
333	2.8536e-06
334	2.85369e-06
335	2.85378e-06
336	2.85386e-06
337	2.85395e-06
338	2.85403e-06
339	2.85411e-06
340	2.85418e-06
341	2.85426e-06
342	2.85433e-06
343	2.8544e-06
344	2.85447e-06
345	2.85454e-06
346	2.85461e-06
347	2.85467e-06
348	2.85474e-06
349	2.8548e-06
350	2.85486e-06
351	2.85492e-06
352	2.85497e-06
353	2.85503e-06
354	2.85508e-06
355	2.85514e-06
356	2.85519e-06
357	2.85524e-06
358	2.85529e-06
359	2.85534e-06
360	2.85538e-06
361	2.85543e-06
362	2.85548e-06
363	2.85552e-06
364	2.85556e-06
365	2.8556e-06
366	2.85564e-06
367	2.85568e-06
368	2.85572e-06
369	2.85576e-06
370	2.8558e-06
371	2.85583e-06
372	2.85587e-06
373	2.8559e-06
374	2.85594e-06
375	2.85597e-06
376	2.856e-06
377	2.85603e-06
378	2.85606e-06
379	2.85609e-06
380	2.85612e-06
381	2.85615e-06
382	2.85618e-06
383	2.85621e-06
384	2.85623e-06
385	2.85626e-06
386	2.85628e-06
387	2.85631e-06
388	2.85633e-06
389	2.85635e-06
390	2.85638e-06
391	2.8564e-06
392	2.85642e-06
393	2.85644e-06
394	2.85646e-06
395	2.85648e-06
396	2.8565e-06
397	2.85652e-06
398	2.85654e-06
399	2.85656e-06
400	2.85658e-06
401	2.8566e-06
402	2.85661e-06
403	2.85663e-06
404	2.85665e-06
405	2.85666e-06
406	2.85668e-06
407	2.85669e-06
408	2.85671e-06
409	2.85672e-06
410	2.85674e-06
411	2.85675e-06
412	2.85677e-06
413	2.85678e-06
414	2.85679e-06
415	2.85681e-06
416	2.85682e-06
417	2.85683e-06
418	2.85684e-06
419	2.85685e-06
420	2.85686e-06
421	2.85688e-06
422	2.85689e-06
423	2.8569e-06
424	2.85691e-06
425	2.85692e-06
426	2.85693e-06
427	2.85694e-06
428	2.85695e-06
429	2.85696e-06
430	2.85697e-06
431	2.85697e-06
432	2.85698e-06
433	2.85699e-06
434	2.857e-06
435	2.85701e-06
436	2.85702e-06
437	2.85702e-06
438	2.85703e-06
439	2.85704e-06
440	2.85705e-06
441	2.85705e-06
442	2.85706e-06
443	2.85707e-06
444	2.85707e-06
445	2.85708e-06
446	2.85709e-06
447	2.85709e-06
448	2.8571e-06
449	2.8571e-06
450	2.85711e-06
451	2.85712e-06
452	2.85712e-06
453	2.85713e-06
454	2.85713e-06
455	2.85714e-06
456	2.85714e-06
457	2.85715e-06
458	2.85715e-06
459	2.85716e-06
460	2.85716e-06
461	2.85717e-06
462	2.85717e-06
463	2.85717e-06
464	2.85718e-06
465	2.85718e-06
466	2.85719e-06
467	2.85719e-06
468	2.85719e-06
469	2.8572e-06
470	2.8572e-06
471	2.8572e-06
472	2.85721e-06
473	2.85721e-06
474	2.85722e-06
475	2.85722e-06
476	2.85722e-06
477	2.85723e-06
478	2.85723e-06
479	2.85723e-06
480	2.85724e-06
481	2.85724e-06
482	2.85724e-06
483	2.85724e-06
484	2.85725e-06
485	2.85725e-06
486	2.85725e-06
487	2.85725e-06
488	2.85726e-06
489	2.85726e-06
490	2.85726e-06
491	2.85726e-06
492	2.85727e-06
493	2.85727e-06
494	2.85727e-06
495	2.85727e-06
496	2.85727e-06
497	2.85728e-06
498	2.85728e-06
499	2.85728e-06
500	2.85729e-06
501	2.85729e-06
502	2.8573e-06
503	2.85729e-06
504	2.8573e-06
505	2.8573e-06
506	2.8573e-06
507	2.8573e-06
508	2.8573e-06
509	2.8573e-06
510	2.8573e-06
511	2.8573e-06
512	2.85731e-06
513	2.85731e-06
514	2.85731e-06
515	2.85732e-06
516	2.85732e-06
517	2.85732e-06
518	2.85731e-06
519	2.85732e-06
520	2.85734e-06
521	2.85732e-06
522	2.85733e-06
523	2.85732e-06
524	2.85733e-06
525	2.85734e-06
526	2.85733e-06
527	2.85734e-06
528	2.85734e-06
529	2.85734e-06
530	2.85734e-06
531	2.85734e-06
532	2.85734e-06
533	2.85736e-06
534	2.85736e-06
535	2.85734e-06
536	2.85734e-06
537	2.85734e-06
538	2.85735e-06
539	2.85735e-06
540	2.85736e-06
541	2.85736e-06
542	2.85737e-06
543	2.85737e-06
544	2.85737e-06
545	2.85736e-06
546	2.85737e-06
547	2.85737e-06
548	2.85736e-06
549	2.85736e-06
550	2.85735e-06
551	2.85735e-06
552	2.85736e-06
553	2.85735e-06
554	2.85736e-06
555	2.85737e-06
556	2.85736e-06
557	2.85736e-06
558	2.85736e-06
559	2.85736e-06
560	2.85738e-06
561	2.85738e-06
562	2.85736e-06
563	2.85736e-06
564	2.85736e-06
565	2.85737e-06
566	2.85736e-06
567	2.85738e-06
568	2.85738e-06
569	2.85739e-06
570	2.85738e-06
571	2.85739e-06
572	2.85739e-06
573	2.85739e-06
574	2.8574e-06
575	2.85737e-06
576	2.85738e-06
577	2.85739e-06
578	2.85738e-06
579	2.85738e-06
580	2.85737e-06
581	2.85737e-06
582	2.85737e-06
583	2.85736e-06
584	2.85737e-06
585	2.85738e-06
586	2.85738e-06
587	2.85738e-06
588	2.85738e-06
589	2.85737e-06
590	2.85738e-06
591	2.85738e-06
592	2.85737e-06
593	2.85737e-06
594	2.85736e-06
595	2.85736e-06
596	2.85737e-06
597	2.85737e-06
598	2.85737e-06
599	2.85738e-06
600	2.85738e-06
601	2.85738e-06
602	2.85738e-06
603	2.85738e-06
604	2.85739e-06
605	2.85739e-06
606	2.85738e-06
607	2.85738e-06
608	2.85738e-06
609	2.85737e-06
610	2.85738e-06
611	2.85739e-06
612	2.85737e-06
613	2.85737e-06
614	2.85737e-06
615	2.85738e-06
616	2.85737e-06
617	2.85738e-06
618	2.85738e-06
619	2.85738e-06
620	2.85737e-06
621	2.85738e-06
622	2.85738e-06
623	2.85737e-06
624	2.85738e-06
625	2.85738e-06
626	2.85738e-06
627	2.85737e-06
628	2.85737e-06
629	2.85738e-06
630	2.85738e-06
631	2.85738e-06
632	2.85738e-06
633	2.85739e-06
634	2.85739e-06
635	2.85738e-06
636	2.85739e-06
637	2.85739e-06
638	2.85738e-06
639	2.85738e-06
640	2.85738e-06
641	2.85737e-06
642	2.85737e-06
643	2.85738e-06
644	2.85737e-06
645	2.85737e-06
646	2.85737e-06
647	2.85738e-06
648	2.85738e-06
649	2.85739e-06
650	2.85739e-06
651	2.8574e-06
652	2.85743e-06
653	2.85739e-06
654	2.85739e-06
655	2.85741e-06
656	2.85738e-06
657	2.85737e-06
658	2.85738e-06
659	2.85738e-06
660	2.85738e-06
661	2.85738e-06
662	2.85738e-06
663	2.85738e-06
664	2.85738e-06
665	2.85739e-06
666	2.85739e-06
667	2.85739e-06
668	2.85738e-06
669	2.85738e-06
670	2.85738e-06
671	2.85739e-06
672	2.85737e-06
673	2.85738e-06
674	2.85738e-06
675	2.85737e-06
676	2.85738e-06
677	2.85739e-06
678	2.85738e-06
679	2.85738e-06
680	2.85738e-06
681	2.85739e-06
682	2.85738e-06
683	2.85739e-06
684	2.85739e-06
685	2.85741e-06
686	2.85739e-06
687	2.85738e-06
688	2.85739e-06
689	2.85739e-06
690	2.85738e-06
691	2.85738e-06
692	2.85738e-06
693	2.85737e-06
694	2.85737e-06
695	2.85738e-06
696	2.85738e-06
697	2.85738e-06
698	2.85739e-06
699	2.85738e-06
700	2.85739e-06
701	2.85739e-06
702	2.85739e-06
703	2.8574e-06
704	2.85738e-06
705	2.85739e-06
706	2.85739e-06
707	2.85738e-06
708	2.85738e-06
709	2.85738e-06
710	2.85738e-06
711	2.85738e-06
712	2.85738e-06
713	2.85741e-06
714	2.85738e-06
715	2.85739e-06
716	2.85739e-06
717	2.85739e-06
718	2.8574e-06
719	2.85739e-06
720	2.8574e-06
721	2.8574e-06
722	2.85739e-06
723	2.85739e-06
724	2.85739e-06
725	2.85739e-06
726	2.85739e-06
727	2.8574e-06
728	2.85739e-06
729	2.85738e-06
730	2.85739e-06
731	2.8574e-06
732	2.85739e-06
733	2.8574e-06
734	2.8574e-06
735	2.8574e-06
736	2.8574e-06
737	2.85739e-06
738	2.85739e-06
739	2.85739e-06
740	2.85739e-06
741	2.85739e-06
742	2.85739e-06
743	2.85739e-06
744	2.85738e-06
745	2.85737e-06
746	2.85739e-06
747	2.85739e-06
748	2.85739e-06
749	2.8574e-06
750	2.85739e-06
751	2.85739e-06
752	2.85739e-06
753	2.85739e-06
754	2.85742e-06
755	2.85741e-06
756	2.85739e-06
757	2.85739e-06
758	2.85739e-06
759	2.8574e-06
760	2.85738e-06
761	2.8574e-06
762	2.8574e-06
763	2.85742e-06
764	2.85741e-06
765	2.85742e-06
766	2.85741e-06
767	2.8574e-06
768	2.85741e-06
769	2.8574e-06
770	2.8574e-06
771	2.85739e-06
772	2.85738e-06
773	2.85738e-06
774	2.85739e-06
775	2.85739e-06
776	2.85739e-06
777	2.8574e-06
778	2.8574e-06
779	2.85739e-06
780	2.85738e-06
781	2.85739e-06
782	2.85739e-06
783	2.85738e-06
784	2.85739e-06
785	2.8574e-06
786	2.85738e-06
787	2.85739e-06
788	2.85739e-06
789	2.85739e-06
790	2.85739e-06
791	2.8574e-06
792	2.85739e-06
793	2.85739e-06
794	2.85739e-06
795	2.8574e-06
796	2.85742e-06
797	2.85742e-06
798	2.8574e-06
799	2.8574e-06
800	2.8574e-06
801	2.85738e-06
802	2.8574e-06
803	2.8574e-06
804	2.85741e-06
805	2.8574e-06
806	2.85741e-06
807	2.85741e-06
808	2.85741e-06
809	2.8574e-06
810	2.85739e-06
811	2.8574e-06
812	2.8574e-06
813	2.85739e-06
814	2.85739e-06
815	2.8574e-06
816	2.85738e-06
817	2.85738e-06
818	2.85739e-06
819	2.85739e-06
820	2.85739e-06
821	2.8574e-06
822	2.85739e-06
823	2.85739e-06
824	2.85739e-06
825	2.85739e-06
826	2.85741e-06
827	2.85741e-06
828	2.85739e-06
829	2.85739e-06
830	2.85739e-06
831	2.85738e-06
832	2.8574e-06
833	2.8574e-06
834	2.85741e-06
835	2.85741e-06
836	2.85741e-06
837	2.85741e-06
838	2.8574e-06
839	2.8574e-06
840	2.85741e-06
841	2.8574e-06
842	2.8574e-06
843	2.8574e-06
844	2.85738e-06
845	2.85738e-06
846	2.85739e-06
847	2.85739e-06
848	2.85739e-06
849	2.8574e-06
850	2.8574e-06
851	2.85739e-06
852	2.85738e-06
853	2.85739e-06
854	2.85739e-06
855	2.85738e-06
856	2.85739e-06
857	2.8574e-06
858	2.85739e-06
859	2.85738e-06
860	2.85739e-06
861	2.85739e-06
862	2.8574e-06
863	2.85741e-06
864	2.8574e-06
865	2.8574e-06
866	2.8574e-06
867	2.8574e-06
868	2.85739e-06
869	2.85739e-06
870	2.85739e-06
871	2.85739e-06
872	2.8574e-06
873	2.8574e-06
874	2.85739e-06
875	2.85738e-06
876	2.85739e-06
877	2.85739e-06
878	2.8574e-06
879	2.8574e-06
880	2.8574e-06
881	2.8574e-06
882	2.8574e-06
883	2.85739e-06
884	2.8574e-06
885	2.8574e-06
886	2.85739e-06
887	2.85739e-06
888	2.85738e-06
889	2.85738e-06
890	2.85739e-06
891	2.85738e-06
892	2.85739e-06
893	2.85739e-06
894	2.85739e-06
895	2.85739e-06
896	2.85739e-06
897	2.85739e-06
898	2.8574e-06
899	2.85741e-06
900	2.85739e-06
901	2.85739e-06
902	2.85738e-06
903	2.85738e-06
904	2.8574e-06
905	2.85739e-06
906	2.8574e-06
907	2.85741e-06
908	2.8574e-06
909	2.8574e-06
910	2.8574e-06
911	2.8574e-06
912	2.85739e-06
913	2.85739e-06
914	2.85739e-06
915	2.85739e-06
916	2.85739e-06
917	2.85739e-06
918	2.85739e-06
919	2.85739e-06
920	2.8574e-06
921	2.8574e-06
922	2.85739e-06
923	2.85739e-06
924	2.85741e-06
925	2.85739e-06
926	2.8574e-06
927	2.85739e-06
928	2.85739e-06
929	2.85739e-06
930	2.85738e-06
931	2.85739e-06
932	2.8574e-06
933	2.85739e-06
934	2.85739e-06
935	2.85739e-06
936	2.85739e-06
937	2.85739e-06
938	2.85738e-06
939	2.85739e-06
940	2.85739e-06
941	2.85739e-06
942	2.8574e-06
943	2.8574e-06
944	2.85739e-06
945	2.85739e-06
946	2.85739e-06
947	2.8574e-06
948	2.85739e-06
949	2.85738e-06
950	2.85739e-06
951	2.8574e-06
952	2.85739e-06
953	2.85739e-06
954	2.85739e-06
955	2.85739e-06
956	2.85739e-06
957	2.85738e-06
958	2.85739e-06
959	2.8574e-06
960	2.85738e-06
961	2.85739e-06
962	2.85739e-06
963	2.85738e-06
964	2.85739e-06
965	2.8574e-06
966	2.85739e-06
967	2.85739e-06
968	2.85739e-06
969	2.85739e-06
970	2.8574e-06
971	2.8574e-06
972	2.85741e-06
973	2.8574e-06
974	2.85741e-06
975	2.85741e-06
976	2.8574e-06
977	2.85739e-06
978	2.8574e-06
979	2.85739e-06
980	2.85739e-06
981	2.85739e-06
982	2.8574e-06
983	2.85738e-06
984	2.85737e-06
985	2.85739e-06
986	2.85739e-06
987	2.8574e-06
988	2.8574e-06
989	2.85741e-06
990	2.85742e-06
991	2.8574e-06
992	2.85739e-06
993	2.85738e-06
994	2.85738e-06
995	2.85738e-06
996	2.85739e-06
997	2.85738e-06
998	2.85737e-06
999	2.85737e-06
1000	2.85738e-06
