1	3.61
2	4.88
3	5.93
4	6.92
5	7.88
6	8.88
7	9.87
8	10.82
9	11.85
10	14.71
11	15.87
12	16.89
13	17.93
14	18.88
15	19.86
16	20.86
17	21.97
18	23.03
19	24.08
20	27.22
21	28.36
22	29.46
23	30.49
24	31.52
25	32.59
26	33.63
27	34.74
28	35.74
29	36.81
30	40.39
31	41.72
32	43.12
33	44.33
34	45.45
35	46.65
36	47.76
37	48.78
38	50
39	51.16
40	54.11
41	55.28
42	56.49
43	57.64
44	58.8
45	60.05
46	61.3
47	62.39
48	63.45
49	64.48
50	67.37
51	68.48
52	69.6
53	70.7
54	71.77
55	72.8
56	73.88
57	74.91
58	75.92
59	77.09
60	80.2
61	81.22
62	82.26
63	83.29
64	84.4
65	85.68
66	86.74
67	87.79
68	88.76
69	89.76
70	92.57
71	93.56
72	94.66
73	95.74
74	96.88
75	97.95
76	99.08
77	100.18
78	101.26
79	102.34
80	105.54
81	106.66
82	107.77
83	108.94
84	110.04
85	111.12
86	112.27
87	113.38
88	114.51
89	115.59
90	118.82
91	119.96
92	121.01
93	122.04
94	123.1
95	124.15
96	125.22
97	126.28
98	127.38
99	128.43
100	131.6
101	132.7
102	133.72
103	134.78
104	135.86
105	136.95
106	138.08
107	139.22
108	140.34
109	141.38
110	144.64
111	145.84
112	147.03
113	148.13
114	149.33
115	150.39
116	151.41
117	152.46
118	153.53
119	154.56
120	157.7
121	158.86
122	159.97
123	161.08
124	162.19
125	163.28
126	164.35
127	165.42
128	166.49
129	167.54
130	170.62
131	171.73
132	172.75
133	173.79
134	174.83
135	175.86
136	176.88
137	177.91
138	178.92
139	179.92
140	183
141	184.09
142	185.11
143	186.13
144	187.13
145	188.11
146	189.07
147	190.07
148	191.08
149	192.06
150	194.82
151	195.8
152	196.82
153	197.82
154	199.02
155	200.04
156	201.04
157	202.08
158	203.08
159	204.11
160	207.44
161	208.45
162	209.44
163	210.4
164	211.39
165	212.42
166	213.45
167	214.43
168	215.37
169	216.34
170	220.2
171	221.47
172	222.49
173	223.62
174	224.75
175	225.78
176	226.9
177	227.96
178	228.94
179	229.96
180	232.77
181	233.8
182	234.81
183	235.87
184	236.79
185	237.8
186	238.83
187	239.99
188	240.9
189	241.81
190	244.57
191	245.51
192	246.38
193	247.26
194	248.14
195	249.03
196	249.96
197	250.85
198	251.72
199	252.62
200	255.35
201	256.3
202	257.17
203	258.05
204	258.94
205	259.8
206	260.67
207	261.56
208	262.43
209	263.32
210	265.99
211	266.9
212	267.78
213	268.66
214	269.55
215	270.43
216	271.32
217	272.21
218	273.08
219	273.96
220	276.65
221	277.57
222	278.46
223	279.35
224	280.24
225	281.12
226	281.99
227	282.86
228	283.75
229	284.62
230	287.31
231	288.22
232	289.1
233	289.98
234	290.86
235	291.73
236	292.62
237	293.53
238	294.4
239	295.28
240	298
241	298.95
242	299.87
243	300.77
244	301.67
245	302.56
246	303.46
247	304.41
248	305.35
249	306.36
250	309.1
251	310.02
252	310.87
253	311.74
254	312.61
255	313.48
256	314.34
257	315.17
258	316.03
259	316.91
260	319.59
261	320.49
262	321.32
263	322.19
264	323.03
265	323.91
266	324.72
267	325.54
268	326.37
269	327.23
270	329.88
271	330.73
272	331.56
273	332.39
274	333.21
275	334.12
276	334.99
277	335.87
278	336.77
279	337.61
280	340.58
281	341.48
282	342.33
283	343.18
284	344.05
285	344.9
286	345.93
287	346.85
288	347.68
289	348.56
290	351.84
291	352.84
292	353.74
293	354.67
294	355.63
295	356.53
296	357.35
297	358.17
298	359.07
299	360
300	362.85
301	363.7
302	364.54
303	365.38
304	366.21
305	367.06
306	367.88
307	368.75
308	369.61
309	370.51
310	373.27
311	374.13
312	374.97
313	375.81
314	376.63
315	377.46
316	378.27
317	379.09
318	379.93
319	380.78
320	383.44
321	384.3
322	385.13
323	385.96
324	386.79
325	387.62
326	388.45
327	389.28
328	390.09
329	390.93
330	393.58
331	394.44
332	395.26
333	396.08
334	396.91
335	397.74
336	398.59
337	399.43
338	400.27
339	401.12
340	403.75
341	404.59
342	405.43
343	406.28
344	407.11
345	407.93
346	408.76
347	409.59
348	410.41
349	411.23
350	413.91
351	414.76
352	415.59
353	416.44
354	417.26
355	418.08
356	418.93
357	419.76
358	420.58
359	421.4
360	424.03
361	424.89
362	425.73
363	426.58
364	427.42
365	428.29
366	429.17
367	430.05
368	430.99
369	431.85
370	434.85
371	435.75
372	436.63
373	437.66
374	438.69
375	439.67
376	440.7
377	441.68
378	442.58
379	443.59
380	446.6
381	447.67
382	448.82
383	449.97
384	450.97
385	451.88
386	452.77
387	453.59
388	454.43
389	455.27
390	458.17
391	459.08
392	459.88
393	460.72
394	461.56
395	462.4
396	463.2
397	464.04
398	464.88
399	465.68
400	468.46
401	469.33
402	470.14
403	470.99
404	471.81
405	472.66
406	473.51
407	474.3
408	475.19
409	476.05
410	478.89
411	479.77
412	480.64
413	481.51
414	482.37
415	483.24
416	484.07
417	484.97
418	485.82
419	486.71
420	489.57
421	490.45
422	491.27
423	492.18
424	493
425	493.84
426	494.66
427	495.46
428	496.34
429	497.1
430	499.81
431	500.67
432	501.53
433	502.46
434	503.31
435	504.18
436	505.02
437	505.81
438	506.71
439	507.56
440	510.46
441	511.37
442	512.15
443	512.92
444	513.79
445	514.66
446	515.49
447	516.39
448	517.22
449	518
450	520.62
451	521.48
452	522.27
453	523.06
454	523.88
455	524.68
456	525.47
457	526.27
458	527.12
459	527.92
460	530.55
461	531.37
462	532.21
463	533.02
464	533.81
465	534.62
466	535.41
467	536.23
468	537.02
469	537.79
470	540.38
471	541.19
472	542.02
473	542.81
474	543.6
475	544.38
476	545.16
477	546.03
478	546.86
479	547.67
480	550.29
481	551.1
482	551.89
483	552.71
484	553.5
485	554.29
486	555.08
487	555.86
488	556.65
489	557.48
490	560.05
491	560.88
492	561.68
493	562.47
494	563.32
495	564.12
496	564.93
497	565.74
498	566.58
499	567.37
500	569.98
501	570.78
502	571.61
503	572.39
504	573.18
505	574
506	574.79
507	575.58
508	576.43
509	577.22
510	579.82
511	580.63
512	581.45
513	582.24
514	583.05
515	583.86
516	584.7
517	585.53
518	586.33
519	587.14
520	589.76
521	590.58
522	591.42
523	592.22
524	593
525	593.84
526	594.62
527	595.42
528	596.23
529	597.03
530	599.62
531	600.44
532	601.23
533	602.02
534	602.85
535	603.63
536	604.43
537	605.31
538	606.19
539	607.02
540	609.65
541	610.44
542	611.24
543	612.03
544	612.87
545	613.64
546	614.42
547	615.25
548	616.05
549	616.87
550	619.48
551	620.29
552	621.12
553	621.93
554	622.72
555	623.53
556	624.29
557	625.08
558	625.9
559	626.69
560	629.29
561	630.12
562	630.9
563	631.69
564	632.47
565	633.29
566	634.09
567	634.92
568	635.72
569	636.54
570	639.16
571	639.95
572	640.74
573	641.53
574	642.32
575	643.17
576	643.98
577	644.76
578	645.59
579	646.38
580	649.04
581	649.85
582	650.69
583	651.49
584	652.28
585	653.12
586	653.92
587	654.72
588	655.58
589	656.37
590	658.98
591	659.81
592	660.59
593	661.42
594	662.21
595	663.02
596	663.87
597	664.67
598	665.51
599	666.36
600	668.99
601	669.8
602	670.62
603	671.41
604	672.19
605	673.02
606	673.8
607	674.59
608	675.41
609	676.19
610	678.8
611	679.65
612	680.47
613	681.35
614	682.21
615	683
616	683.89
617	684.7
618	685.5
619	686.34
620	688.95
621	689.75
622	690.57
623	691.36
624	692.15
625	692.97
626	693.82
627	694.64
628	695.45
629	696.31
630	698.94
631	699.78
632	700.56
633	701.37
634	702.22
635	703
636	703.78
637	704.61
638	705.4
639	706.19
640	708.84
641	709.67
642	710.46
643	711.28
644	712.07
645	712.86
646	713.65
647	714.46
648	715.25
649	716.08
650	718.68
651	719.52
652	720.32
653	721.17
654	721.99
655	722.77
656	723.6
657	724.39
658	725.18
659	726.01
660	728.61
661	729.4
662	730.23
663	731.02
664	731.81
665	732.64
666	733.46
667	734.26
668	735.11
669	735.92
670	738.54
671	739.39
672	740.17
673	740.95
674	741.78
675	742.56
676	743.35
677	744.17
678	744.96
679	745.74
680	748.37
681	749.19
682	750.01
683	750.79
684	751.59
685	752.37
686	753.19
687	753.99
688	754.78
689	755.6
690	758.23
691	759.04
692	759.87
693	760.66
694	761.45
695	762.28
696	763.1
697	763.89
698	764.73
699	765.54
700	768.15
701	769
702	769.78
703	770.58
704	771.36
705	772.13
706	772.91
707	773.73
708	774.51
709	775.3
710	777.92
711	778.74
712	779.53
713	780.35
714	781.13
715	781.94
716	782.76
717	783.56
718	784.4
719	785.19
720	787.8
721	788.67
722	789.47
723	790.28
724	791.12
725	791.92
726	792.72
727	793.55
728	794.38
729	795.26
730	797.97
731	798.82
732	799.62
733	800.45
734	801.24
735	802.06
736	802.86
737	803.71
738	804.51
739	805.31
740	808.02
741	808.83
742	809.63
743	810.45
744	811.22
745	812.04
746	812.87
747	813.7
748	814.51
749	815.36
750	817.98
751	818.78
752	819.61
753	820.41
754	821.21
755	822.05
756	822.86
757	823.67
758	824.49
759	825.32
760	827.93
761	828.76
762	829.53
763	830.34
764	831.1
765	831.9
766	832.72
767	833.52
768	834.29
769	835.1
770	837.72
771	838.58
772	839.39
773	840.18
774	840.99
775	841.8
776	842.56
777	843.36
778	844.19
779	844.97
780	847.61
781	848.46
782	849.29
783	850.15
784	851
785	851.84
786	852.63
787	853.4
788	854.22
789	854.99
790	857.6
791	858.45
792	859.25
793	860.05
794	860.87
795	861.65
796	862.44
797	863.26
798	864.06
799	864.84
800	867.5
801	868.32
802	869.15
803	869.93
804	870.76
805	871.56
806	872.35
807	873.16
808	873.99
809	874.78
810	877.43
811	878.24
812	879.06
813	879.85
814	880.64
815	881.48
816	882.28
817	883.09
818	883.95
819	884.75
820	887.39
821	888.26
822	889.06
823	889.86
824	890.69
825	891.48
826	892.27
827	893.09
828	893.88
829	894.67
830	897.31
831	898.14
832	898.99
833	899.79
834	900.63
835	901.44
836	902.26
837	903.09
838	903.92
839	904.71
840	907.46
841	908.38
842	909.21
843	910.04
844	910.84
845	911.65
846	912.49
847	913.28
848	914.07
849	914.86
850	917.49
851	918.32
852	919.15
853	919.95
854	920.75
855	921.54
856	922.35
857	923.17
858	923.96
859	924.74
860	927.38
861	928.23
862	929.04
863	929.9
864	930.69
865	931.48
866	932.33
867	933.13
868	933.96
869	934.75
870	937.36
871	938.18
872	938.97
873	939.8
874	940.61
875	941.39
876	942.22
877	943.01
878	943.83
879	944.62
880	947.24
881	948.06
882	948.88
883	949.67
884	950.45
885	951.28
886	952.08
887	952.9
888	953.68
889	954.48
890	957.11
891	957.93
892	958.72
893	959.54
894	960.32
895	961.13
896	961.99
897	962.81
898	963.61
899	964.46
900	967.07
901	967.9
902	968.69
903	969.48
904	970.3
905	971.07
906	971.86
907	972.67
908	973.46
909	974.24
910	976.9
911	977.73
912	978.58
913	979.37
914	980.16
915	980.95
916	981.77
917	982.57
918	983.36
919	984.16
920	986.76
921	987.63
922	988.41
923	989.2
924	990.02
925	990.81
926	991.67
927	992.47
928	993.26
929	994.08
930	996.7
931	997.52
932	998.36
933	999.14
934	999.92
935	1000.75
936	1001.55
937	1002.39
938	1003.18
939	1003.98
940	1006.57
941	1007.38
942	1008.18
943	1008.99
944	1009.78
945	1010.57
946	1011.36
947	1012.15
948	1012.95
949	1013.75
950	1016.36
951	1017.24
952	1018.02
953	1018.85
954	1019.63
955	1020.4
956	1021.25
957	1022.04
958	1022.81
959	1023.62
960	1026.22
961	1027.09
962	1027.91
963	1028.69
964	1029.48
965	1030.29
966	1031.08
967	1031.87
968	1032.68
969	1033.46
970	1036.1
971	1036.93
972	1037.76
973	1038.54
974	1039.32
975	1040.11
976	1040.94
977	1041.74
978	1042.56
979	1043.39
980	1046.02
981	1046.84
982	1047.66
983	1048.44
984	1049.21
985	1050.06
986	1050.91
987	1051.83
988	1052.66
989	1053.44
990	1056.07
991	1056.93
992	1057.73
993	1058.57
994	1059.33
995	1060.11
996	1060.95
997	1061.76
998	1062.56
999	1063.42
1000	1066.04
