1	1
2	0.11781
3	0.0360533
4	0.0145143
5	0.0072986
6	0.00427676
7	0.00277898
8	0.00193814
9	0.00142095
10	0.00108563
11	0.000854373
12	0.000690979
13	0.000570839
14	0.000480073
15	0.000409791
16	0.000354133
17	0.00030935
18	0.000303336
19	0.000261535
20	0.000256915
21	0.000220518
22	0.000216502
23	0.00018523
24	0.000181838
25	0.000155403
26	0.000152511
27	0.000150162
28	0.000124343
29	0.000120753
30	0.000117498
31	9.46113e-05
32	9.07179e-05
33	8.70628e-05
34	8.31618e-05
35	6.39933e-05
36	5.96546e-05
37	5.56023e-05
38	5.15518e-05
39	4.75385e-05
40	4.37908e-05
41	4.12452e-05
42	3.52778e-05
43	3.45526e-05
44	5.23019e-05
45	0.000109224
46	0.000302174
47	0.00061677
48	0.000386384
49	0.000212402
50	0.00016654
51	0.000137898
52	0.000121258
53	0.000113774
54	0.000109383
55	0.000105583
56	0.000101697
57	9.77827e-05
58	9.4065e-05
59	9.01344e-05
60	8.56669e-05
61	8.1044e-05
62	7.61776e-05
63	7.10202e-05
64	6.59094e-05
65	6.06946e-05
66	5.54753e-05
67	5.032e-05
68	5.08318e-05
69	4.43836e-05
70	3.89135e-05
71	3.90339e-05
72	3.31784e-05
73	3.30921e-05
74	2.72565e-05
75	2.70631e-05
76	2.18151e-05
77	2.15997e-05
78	2.17714e-05
79	1.62532e-05
80	1.60917e-05
81	1.64081e-05
82	1.71937e-05
83	1.44061e-05
84	1.56897e-05
85	2.38163e-05
86	4.30937e-05
87	4.95955e-05
88	7.9654e-05
89	0.000102687
90	5.78362e-05
91	4.69231e-05
92	3.90173e-05
93	3.90918e-05
94	3.74607e-05
95	4.03355e-05
96	4.01451e-05
97	4.23266e-05
98	4.1372e-05
99	4.25035e-05
100	4.00103e-05
101	3.67901e-05
102	3.73332e-05
103	3.36684e-05
104	3.37683e-05
105	2.92913e-05
106	2.91346e-05
107	2.4531e-05
108	2.42414e-05
109	1.99735e-05
110	1.9684e-05
111	1.60134e-05
112	1.58043e-05
113	1.59103e-05
114	1.24247e-05
115	1.24734e-05
116	1.36228e-05
117	1.74005e-05
118	2.59017e-05
119	2.28489e-05
120	4.17502e-05
121	9.06803e-05
122	7.30736e-05
123	6.85439e-05
124	5.81586e-05
125	4.84864e-05
126	4.25376e-05
127	3.95331e-05
128	4.14409e-05
129	4.03001e-05
130	4.20754e-05
131	4.0971e-05
132	4.22577e-05
133	4.05912e-05
134	3.7696e-05
135	3.85557e-05
136	3.51544e-05
137	3.16643e-05
138	3.19817e-05
139	2.80461e-05
140	2.80712e-05
141	2.36442e-05
142	2.35465e-05
143	1.92107e-05
144	1.90773e-05
145	1.51735e-05
146	1.50454e-05
147	1.5228e-05
148	1.10965e-05
149	1.10491e-05
150	1.15914e-05
151	9.86875e-06
152	7.84226e-06
153	7.88526e-06
154	7.91234e-06
155	7.92826e-06
156	7.93703e-06
157	7.94508e-06
158	7.95185e-06
159	7.95963e-06
160	7.96875e-06
161	7.97907e-06
162	7.99026e-06
163	8.00177e-06
164	8.01296e-06
165	8.02356e-06
166	8.03345e-06
167	8.04239e-06
168	8.05053e-06
169	8.05785e-06
170	8.06438e-06
171	8.07028e-06
172	8.07567e-06
173	8.08049e-06
174	8.08486e-06
175	8.08884e-06
176	8.09232e-06
177	8.09544e-06
178	8.09823e-06
179	8.10086e-06
180	8.10322e-06
181	8.10539e-06
182	8.10757e-06
183	8.10971e-06
184	8.11181e-06
185	8.11392e-06
186	8.11605e-06
187	8.11833e-06
188	8.12076e-06
189	8.12337e-06
190	8.1262e-06
191	8.12925e-06
192	8.13251e-06
193	8.13617e-06
194	8.14015e-06
195	8.14444e-06
196	8.14903e-06
197	8.15398e-06
198	8.15926e-06
199	8.16486e-06
200	8.17082e-06
201	8.17716e-06
202	8.1839e-06
203	8.19099e-06
204	8.1984e-06
205	8.20607e-06
206	8.21398e-06
207	8.22213e-06
208	8.23058e-06
209	8.23928e-06
210	8.24825e-06
211	8.25749e-06
212	8.26699e-06
213	8.2767e-06
214	8.28662e-06
215	8.29675e-06
216	8.30709e-06
217	8.3176e-06
218	8.32826e-06
219	8.33903e-06
220	8.3499e-06
221	8.36087e-06
222	8.3719e-06
223	8.38292e-06
224	8.39388e-06
225	8.40478e-06
226	8.41557e-06
227	8.42627e-06
228	8.43687e-06
229	8.44735e-06
230	8.4577e-06
231	8.46793e-06
232	8.47802e-06
233	8.48795e-06
234	8.49773e-06
235	8.50736e-06
236	8.5168e-06
237	8.52608e-06
238	8.5352e-06
239	8.54415e-06
240	8.55294e-06
241	8.56156e-06
242	8.57002e-06
243	8.57832e-06
244	8.58645e-06
245	8.59442e-06
246	8.60223e-06
247	8.60988e-06
248	8.61737e-06
249	8.6247e-06
250	8.63189e-06
251	8.63892e-06
252	8.6458e-06
253	8.65253e-06
254	8.65913e-06
255	8.66558e-06
256	8.67189e-06
257	8.67806e-06
258	8.68411e-06
259	8.69002e-06
260	8.6958e-06
261	8.70146e-06
262	8.70699e-06
263	8.71241e-06
264	8.71769e-06
265	8.72287e-06
266	8.72793e-06
267	8.73288e-06
268	8.73773e-06
269	8.74248e-06
270	8.7471e-06
271	8.75164e-06
272	8.75608e-06
273	8.76042e-06
274	8.76467e-06
275	8.76883e-06
276	8.7729e-06
277	8.77689e-06
278	8.78078e-06
279	8.78459e-06
280	8.78832e-06
281	8.79197e-06
282	8.79553e-06
283	8.79901e-06
284	8.80242e-06
285	8.80576e-06
286	8.80902e-06
287	8.8122e-06
288	8.81532e-06
289	8.81836e-06
290	8.82134e-06
291	8.82425e-06
292	8.8271e-06
293	8.82988e-06
294	8.83259e-06
295	8.83525e-06
296	8.83784e-06
297	8.84038e-06
298	8.84285e-06
299	8.84528e-06
300	8.84764e-06
301	8.84995e-06
302	8.85221e-06
303	8.85441e-06
304	8.85657e-06
305	8.85867e-06
306	8.86073e-06
307	8.86273e-06
308	8.86469e-06
309	8.86661e-06
310	8.86848e-06
311	8.87031e-06
312	8.8721e-06
313	8.87385e-06
314	8.87556e-06
315	8.87722e-06
316	8.87885e-06
317	8.88044e-06
318	8.882e-06
319	8.88352e-06
320	8.885e-06
321	8.88645e-06
322	8.88787e-06
323	8.88925e-06
324	8.8906e-06
325	8.89192e-06
326	8.89321e-06
327	8.89447e-06
328	8.8957e-06
329	8.8969e-06
330	8.89808e-06
331	8.89922e-06
332	8.90034e-06
333	8.90144e-06
334	8.90251e-06
335	8.90355e-06
336	8.90458e-06
337	8.90557e-06
338	8.90655e-06
339	8.9075e-06
340	8.90843e-06
341	8.90934e-06
342	8.91023e-06
343	8.91109e-06
344	8.91194e-06
345	8.91277e-06
346	8.91358e-06
347	8.91437e-06
348	8.91515e-06
349	8.9159e-06
350	8.91664e-06
351	8.91736e-06
352	8.91807e-06
353	8.91876e-06
354	8.91943e-06
355	8.92009e-06
356	8.92073e-06
357	8.92136e-06
358	8.92198e-06
359	8.92258e-06
360	8.92317e-06
361	8.92374e-06
362	8.9243e-06
363	8.92485e-06
364	8.92539e-06
365	8.92591e-06
366	8.92642e-06
367	8.92693e-06
368	8.92742e-06
369	8.9279e-06
370	8.92836e-06
371	8.92882e-06
372	8.92927e-06
373	8.92971e-06
374	8.93013e-06
375	8.93055e-06
376	8.93096e-06
377	8.93136e-06
378	8.93175e-06
379	8.93214e-06
380	8.93251e-06
381	8.93288e-06
382	8.93323e-06
383	8.93358e-06
384	8.93393e-06
385	8.93426e-06
386	8.93459e-06
387	8.93492e-06
388	8.93522e-06
389	8.93553e-06
390	8.93583e-06
391	8.93612e-06
392	8.93642e-06
393	8.93669e-06
394	8.93696e-06
395	8.93723e-06
396	8.9375e-06
397	8.93775e-06
398	8.938e-06
399	8.93825e-06
400	8.93849e-06
401	8.93872e-06
402	8.93896e-06
403	8.93918e-06
404	8.9394e-06
405	8.93962e-06
406	8.93982e-06
407	8.94004e-06
408	8.94023e-06
409	8.94043e-06
410	8.94063e-06
411	8.94081e-06
412	8.941e-06
413	8.94118e-06
414	8.94136e-06
415	8.94153e-06
416	8.9417e-06
417	8.94186e-06
418	8.94203e-06
419	8.94218e-06
420	8.94235e-06
421	8.94249e-06
422	8.94265e-06
423	8.94278e-06
424	8.94293e-06
425	8.94307e-06
426	8.94321e-06
427	8.94334e-06
428	8.94347e-06
429	8.9436e-06
430	8.94372e-06
431	8.94385e-06
432	8.94397e-06
433	8.94408e-06
434	8.9442e-06
435	8.94431e-06
436	8.94442e-06
437	8.94453e-06
438	8.94463e-06
439	8.94474e-06
440	8.94484e-06
441	8.94493e-06
442	8.94504e-06
443	8.94513e-06
444	8.94522e-06
445	8.94531e-06
446	8.9454e-06
447	8.94548e-06
448	8.94557e-06
449	8.94566e-06
450	8.94574e-06
451	8.94581e-06
452	8.9459e-06
453	8.94597e-06
454	8.94604e-06
455	8.94612e-06
456	8.94619e-06
457	8.94626e-06
458	8.94632e-06
459	8.9464e-06
460	8.94646e-06
461	8.94653e-06
462	8.94658e-06
463	8.94665e-06
464	8.94671e-06
465	8.94677e-06
466	8.94683e-06
467	8.94688e-06
468	8.94694e-06
469	8.947e-06
470	8.94705e-06
471	8.9471e-06
472	8.94715e-06
473	8.9472e-06
474	8.94725e-06
475	8.9473e-06
476	8.94735e-06
477	8.94738e-06
478	8.94743e-06
479	8.94748e-06
480	8.94752e-06
481	8.94756e-06
482	8.94761e-06
483	8.94764e-06
484	8.94768e-06
485	8.94772e-06
486	8.94776e-06
487	8.9478e-06
488	8.94784e-06
489	8.94788e-06
490	8.94791e-06
491	8.94795e-06
492	8.948e-06
493	8.94806e-06
494	8.94807e-06
495	8.94809e-06
496	8.94811e-06
497	8.94818e-06
498	8.94819e-06
499	8.9482e-06
500	8.94827e-06
501	8.94833e-06
502	8.94839e-06
503	8.94835e-06
504	8.94841e-06
505	8.94839e-06
506	8.9484e-06
507	8.94852e-06
508	8.94848e-06
509	8.94849e-06
510	8.94849e-06
511	8.94861e-06
512	8.94866e-06
513	8.94857e-06
514	8.94861e-06
515	8.94864e-06
516	8.94871e-06
517	8.94883e-06
518	8.94877e-06
519	8.94891e-06
520	8.94901e-06
521	8.94877e-06
522	8.94885e-06
523	8.94888e-06
524	8.9489e-06
525	8.94897e-06
526	8.94884e-06
527	8.94897e-06
528	8.94904e-06
529	8.94896e-06
530	8.94904e-06
531	8.94902e-06
532	8.94893e-06
533	8.94931e-06
534	8.94948e-06
535	8.94906e-06
536	8.94904e-06
537	8.94914e-06
538	8.94906e-06
539	8.94915e-06
540	8.9492e-06
541	8.94909e-06
542	8.94917e-06
543	8.94921e-06
544	8.94933e-06
545	8.94924e-06
546	8.94937e-06
547	8.94942e-06
548	8.94922e-06
549	8.94925e-06
550	8.94925e-06
551	8.94923e-06
552	8.94928e-06
553	8.94918e-06
554	8.94931e-06
555	8.9494e-06
556	8.94929e-06
557	8.94934e-06
558	8.94929e-06
559	8.94925e-06
560	8.94962e-06
561	8.94978e-06
562	8.94933e-06
563	8.94939e-06
564	8.94929e-06
565	8.94933e-06
566	8.94951e-06
567	8.94945e-06
568	8.94941e-06
569	8.94949e-06
570	8.9494e-06
571	8.94938e-06
572	8.94937e-06
573	8.94942e-06
574	8.94946e-06
575	8.94934e-06
576	8.94946e-06
577	8.94955e-06
578	8.9494e-06
579	8.9494e-06
580	8.9494e-06
581	8.94941e-06
582	8.94942e-06
583	8.94946e-06
584	8.94949e-06
585	8.94956e-06
586	8.94944e-06
587	8.94956e-06
588	8.94956e-06
589	8.94952e-06
590	8.94962e-06
591	8.94954e-06
592	8.94943e-06
593	8.94945e-06
594	8.94946e-06
595	8.94943e-06
596	8.94952e-06
597	8.94941e-06
598	8.9495e-06
599	8.94958e-06
600	8.94955e-06
601	8.9496e-06
602	8.9495e-06
603	8.94952e-06
604	8.94977e-06
605	8.94964e-06
606	8.94958e-06
607	8.94953e-06
608	8.94946e-06
609	8.9495e-06
610	8.9496e-06
611	8.94976e-06
612	8.94951e-06
613	8.94943e-06
614	8.94947e-06
615	8.94953e-06
616	8.94949e-06
617	8.94953e-06
618	8.94964e-06
619	8.94955e-06
620	8.94958e-06
621	8.94964e-06
622	8.94958e-06
623	8.94951e-06
624	8.94957e-06
625	8.94958e-06
626	8.94972e-06
627	8.94956e-06
628	8.94961e-06
629	8.94968e-06
630	8.94954e-06
631	8.94959e-06
632	8.94963e-06
633	8.94965e-06
634	8.94962e-06
635	8.94957e-06
636	8.94972e-06
637	8.9497e-06
638	8.94959e-06
639	8.94959e-06
640	8.94955e-06
641	8.94948e-06
642	8.9497e-06
643	8.94981e-06
644	8.94957e-06
645	8.9495e-06
646	8.94963e-06
647	8.94961e-06
648	8.94963e-06
649	8.94965e-06
650	8.94963e-06
651	8.94968e-06
652	8.94978e-06
653	8.94963e-06
654	8.94966e-06
655	8.94977e-06
656	8.94959e-06
657	8.94955e-06
658	8.9496e-06
659	8.94959e-06
660	8.94953e-06
661	8.94954e-06
662	8.94964e-06
663	8.94952e-06
664	8.94961e-06
665	8.94967e-06
666	8.94964e-06
667	8.94972e-06
668	8.94963e-06
669	8.94963e-06
670	8.94987e-06
671	8.94973e-06
672	8.94968e-06
673	8.94967e-06
674	8.94961e-06
675	8.94959e-06
676	8.94971e-06
677	8.94985e-06
678	8.94961e-06
679	8.94955e-06
680	8.94957e-06
681	8.94962e-06
682	8.94958e-06
683	8.94962e-06
684	8.94968e-06
685	8.94977e-06
686	8.94965e-06
687	8.9497e-06
688	8.94976e-06
689	8.94971e-06
690	8.94958e-06
691	8.94962e-06
692	8.9497e-06
693	8.94958e-06
694	8.94961e-06
695	8.94961e-06
696	8.94955e-06
697	8.94979e-06
698	8.94976e-06
699	8.94971e-06
700	8.9497e-06
701	8.94962e-06
702	8.94971e-06
703	8.9497e-06
704	8.94961e-06
705	8.94965e-06
706	8.94966e-06
707	8.94975e-06
708	8.94963e-06
709	8.94968e-06
710	8.9497e-06
711	8.94958e-06
712	8.94989e-06
713	8.94999e-06
714	8.94974e-06
715	8.94967e-06
716	8.94961e-06
717	8.94977e-06
718	8.94976e-06
719	8.94965e-06
720	8.94975e-06
721	8.94978e-06
722	8.94967e-06
723	8.94972e-06
724	8.94969e-06
725	8.9496e-06
726	8.9499e-06
727	8.95004e-06
728	8.9497e-06
729	8.94964e-06
730	8.9498e-06
731	8.94972e-06
732	8.94974e-06
733	8.94976e-06
734	8.94967e-06
735	8.94967e-06
736	8.94967e-06
737	8.94969e-06
738	8.94968e-06
739	8.94978e-06
740	8.94971e-06
741	8.94964e-06
742	8.94979e-06
743	8.94967e-06
744	8.9497e-06
745	8.94972e-06
746	8.94973e-06
747	8.94965e-06
748	8.9498e-06
749	8.94986e-06
750	8.94972e-06
751	8.94974e-06
752	8.94969e-06
753	8.94965e-06
754	8.95001e-06
755	8.95018e-06
756	8.94969e-06
757	8.94976e-06
758	8.94972e-06
759	8.94985e-06
760	8.94992e-06
761	8.94976e-06
762	8.94985e-06
763	8.9499e-06
764	8.94974e-06
765	8.94982e-06
766	8.94979e-06
767	8.94976e-06
768	8.9499e-06
769	8.94986e-06
770	8.94968e-06
771	8.9497e-06
772	8.94972e-06
773	8.94971e-06
774	8.9498e-06
775	8.94964e-06
776	8.94972e-06
777	8.94977e-06
778	8.94989e-06
779	8.9498e-06
780	8.94964e-06
781	8.94978e-06
782	8.94972e-06
783	8.94965e-06
784	8.94985e-06
785	8.94975e-06
786	8.9497e-06
787	8.9497e-06
788	8.9497e-06
789	8.94965e-06
790	8.94979e-06
791	8.9499e-06
792	8.94973e-06
793	8.94972e-06
794	8.94967e-06
795	8.94971e-06
796	8.95007e-06
797	8.95022e-06
798	8.94974e-06
799	8.94991e-06
800	8.94976e-06
801	8.94988e-06
802	8.94974e-06
803	8.94981e-06
804	8.94988e-06
805	8.94971e-06
806	8.94976e-06
807	8.94977e-06
808	8.94987e-06
809	8.94979e-06
810	8.94963e-06
811	8.94978e-06
812	8.94971e-06
813	8.94966e-06
814	8.94983e-06
815	8.94971e-06
816	8.94971e-06
817	8.94971e-06
818	8.94972e-06
819	8.94967e-06
820	8.9498e-06
821	8.94987e-06
822	8.94973e-06
823	8.94974e-06
824	8.94967e-06
825	8.94968e-06
826	8.95002e-06
827	8.95019e-06
828	8.94972e-06
829	8.94985e-06
830	8.94976e-06
831	8.94985e-06
832	8.94976e-06
833	8.94978e-06
834	8.94985e-06
835	8.94972e-06
836	8.94974e-06
837	8.94974e-06
838	8.94978e-06
839	8.94977e-06
840	8.9499e-06
841	8.94991e-06
842	8.94969e-06
843	8.94972e-06
844	8.94974e-06
845	8.94975e-06
846	8.94981e-06
847	8.94965e-06
848	8.94975e-06
849	8.94979e-06
850	8.94992e-06
851	8.94979e-06
852	8.94964e-06
853	8.94977e-06
854	8.94974e-06
855	8.94965e-06
856	8.94989e-06
857	8.94986e-06
858	8.94974e-06
859	8.9497e-06
860	8.94968e-06
861	8.94971e-06
862	8.94986e-06
863	8.94998e-06
864	8.94976e-06
865	8.94972e-06
866	8.94966e-06
867	8.94972e-06
868	8.94967e-06
869	8.94967e-06
870	8.94968e-06
871	8.94968e-06
872	8.94989e-06
873	8.95002e-06
874	8.94977e-06
875	8.94967e-06
876	8.94965e-06
877	8.94974e-06
878	8.94978e-06
879	8.94967e-06
880	8.94973e-06
881	8.94975e-06
882	8.94982e-06
883	8.94976e-06
884	8.94987e-06
885	8.94988e-06
886	8.94968e-06
887	8.94971e-06
888	8.94972e-06
889	8.9497e-06
890	8.94975e-06
891	8.94963e-06
892	8.94975e-06
893	8.9498e-06
894	8.94972e-06
895	8.94977e-06
896	8.94971e-06
897	8.94964e-06
898	8.94998e-06
899	8.95015e-06
900	8.94972e-06
901	8.94971e-06
902	8.94973e-06
903	8.94979e-06
904	8.94978e-06
905	8.94967e-06
906	8.94982e-06
907	8.94995e-06
908	8.94974e-06
909	8.94977e-06
910	8.94974e-06
911	8.94971e-06
912	8.9497e-06
913	8.94971e-06
914	8.94961e-06
915	8.94973e-06
916	8.94973e-06
917	8.94962e-06
918	8.94968e-06
919	8.94971e-06
920	8.94976e-06
921	8.94993e-06
922	8.94978e-06
923	8.94996e-06
924	8.95015e-06
925	8.94981e-06
926	8.94988e-06
927	8.94974e-06
928	8.94971e-06
929	8.94971e-06
930	8.94967e-06
931	8.94982e-06
932	8.94996e-06
933	8.94973e-06
934	8.9497e-06
935	8.94968e-06
936	8.94969e-06
937	8.94968e-06
938	8.94968e-06
939	8.94966e-06
940	8.94965e-06
941	8.94968e-06
942	8.94979e-06
943	8.9497e-06
944	8.94965e-06
945	8.9497e-06
946	8.9497e-06
947	8.94973e-06
948	8.94988e-06
949	8.94971e-06
950	8.9498e-06
951	8.94992e-06
952	8.94969e-06
953	8.94974e-06
954	8.94974e-06
955	8.94974e-06
956	8.94972e-06
957	8.94967e-06
958	8.94982e-06
959	8.94984e-06
960	8.94969e-06
961	8.9497e-06
962	8.94966e-06
963	8.9496e-06
964	8.94992e-06
965	8.95017e-06
966	8.94967e-06
967	8.94977e-06
968	8.94977e-06
969	8.94986e-06
970	8.94977e-06
971	8.9498e-06
972	8.94984e-06
973	8.94974e-06
974	8.94975e-06
975	8.94977e-06
976	8.94973e-06
977	8.94973e-06
978	8.94986e-06
979	8.94981e-06
980	8.94965e-06
981	8.94989e-06
982	8.94995e-06
983	8.94972e-06
984	8.94968e-06
985	8.94972e-06
986	8.94973e-06
987	8.94979e-06
988	8.94974e-06
989	8.94978e-06
990	8.94985e-06
991	8.94975e-06
992	8.94977e-06
993	8.94963e-06
994	8.94966e-06
995	8.9498e-06
996	8.94985e-06
997	8.94961e-06
998	8.94962e-06
999	8.94968e-06
1000	8.94971e-06
