1	1
2	0.0270624
3	0.0351381
4	0.180666
5	0.0700159
6	0.0728573
7	0.196054
8	0.0500961
9	0.0502054
10	0.231524
11	0.0878829
12	0.0913402
13	0.114434
14	0.0481533
15	0.0479459
16	0.101235
17	0.145625
18	0.145422
19	0.105364
20	0.0477665
21	0.0432664
22	0.0514601
23	0.105133
24	0.136038
25	0.101126
26	0.0558237
27	0.0404365
28	0.0355784
29	0.0379716
30	0.0477367
31	0.0531736
32	0.0481931
33	0.0403691
34	0.0321237
35	0.0274833
36	0.0251922
37	0.0259539
38	0.0268261
39	0.0256425
40	0.0235749
41	0.0218465
42	0.0188418
43	0.0158024
44	0.0154798
45	0.0160007
46	0.01754
47	0.0184156
48	0.0188303
49	0.0166806
50	0.0143069
51	0.0126732
52	0.0122439
53	0.0114427
54	0.0106902
55	0.00985833
56	0.0089446
57	0.00799179
58	0.00748461
59	0.00669458
60	0.00585332
61	0.00540998
62	0.00509899
63	0.00459841
64	0.00424932
65	0.00385991
66	0.00359926
67	0.00318842
68	0.002733
69	0.0025449
70	0.00236661
71	0.00214744
72	0.00184373
73	0.00168699
74	0.00155375
75	0.00138012
76	0.00121231
77	0.00108707
78	0.00100375
79	0.000918968
80	0.000821504
81	0.00069803
82	0.000666385
83	0.000708969
84	0.000674124
85	0.00073945
86	0.00106134
87	0.00107411
88	0.0014089
89	0.00153803
90	0.00150489
91	0.00156549
92	0.00139011
93	0.00119995
94	0.00110632
95	0.00107115
96	0.000974134
97	0.000891022
98	0.000876522
99	0.000787867
100	0.000725525
101	0.000650419
102	0.000588335
103	0.00054483
104	0.00049978
105	0.000444109
106	0.000394873
107	0.000394864
108	0.00033086
109	0.000282728
110	0.000250789
111	0.000227731
112	0.000211499
113	0.000180317
114	0.00016974
115	0.000178277
116	0.000182797
117	0.000252986
118	0.000485478
119	0.000435714
120	0.000661138
121	0.001281
122	0.00125389
123	0.00134338
124	0.00128053
125	0.00110615
126	0.000989615
127	0.000956482
128	0.000913603
129	0.000840911
130	0.000753564
131	0.000714943
132	0.000647732
133	0.000603079
134	0.000546037
135	0.000499298
136	0.000470515
137	0.000433676
138	0.00038935
139	0.000355714
140	0.000336695
141	0.000295036
142	0.0002706
143	0.000228856
144	0.000219089
145	0.00019141
146	0.000179028
147	0.000199614
148	0.000163892
149	0.000156689
150	0.000142896
151	0.000201004
152	0.000135453
153	0.000116531
154	0.000119029
155	0.000115191
156	0.000102576
157	0.00011197
158	8.35162e-05
159	6.60659e-05
160	6.65783e-05
161	6.84739e-05
162	6.49575e-05
163	5.75023e-05
164	4.97066e-05
165	4.49872e-05
166	4.30222e-05
167	4.11818e-05
168	3.88488e-05
169	3.61837e-05
170	3.40522e-05
171	3.29644e-05
172	3.23094e-05
173	3.13077e-05
174	2.99361e-05
175	2.84323e-05
176	2.71907e-05
177	2.61779e-05
178	2.51661e-05
179	2.41323e-05
180	2.31014e-05
181	2.23669e-05
182	2.19417e-05
183	2.16627e-05
184	2.14225e-05
185	2.11218e-05
186	2.07335e-05
187	2.02469e-05
188	1.96921e-05
189	1.90852e-05
190	1.84417e-05
191	1.7786e-05
192	1.71596e-05
193	1.67363e-05
194	1.65617e-05
195	1.64413e-05
196	1.63053e-05
197	1.61177e-05
198	1.58676e-05
199	1.55752e-05
200	1.52399e-05
201	1.48778e-05
202	1.45021e-05
203	1.41333e-05
204	1.38003e-05
205	1.35575e-05
206	1.34318e-05
207	1.33486e-05
208	1.32541e-05
209	1.31318e-05
210	1.29718e-05
211	1.27754e-05
212	1.25468e-05
213	1.22935e-05
214	1.20249e-05
215	1.17536e-05
216	1.14968e-05
217	1.12897e-05
218	1.11801e-05
219	1.1107e-05
220	1.10349e-05
221	1.095e-05
222	1.08482e-05
223	1.07275e-05
224	1.05896e-05
225	1.04371e-05
226	1.02754e-05
227	1.01111e-05
228	9.94975e-06
229	9.79733e-06
230	9.66597e-06
231	9.56619e-06
232	9.49484e-06
233	9.43084e-06
234	9.36481e-06
235	9.29383e-06
236	9.18227e-06
237	9.04879e-06
238	8.91045e-06
239	8.76719e-06
240	8.62168e-06
241	8.47914e-06
242	8.34948e-06
243	8.2484e-06
244	8.16613e-06
245	8.09071e-06
246	8.01503e-06
247	7.93546e-06
248	7.8506e-06
249	7.76204e-06
250	7.66865e-06
251	7.5704e-06
252	7.46866e-06
253	7.36539e-06
254	7.2991e-06
255	7.22157e-06
256	7.1233e-06
257	7.02284e-06
258	6.96224e-06
259	6.89515e-06
260	6.80854e-06
261	6.74875e-06
262	6.66622e-06
263	6.61032e-06
264	6.51239e-06
265	6.44432e-06
266	6.33698e-06
267	6.26159e-06
268	6.21598e-06
269	6.1809e-06
270	6.06247e-06
271	5.98091e-06
272	5.92516e-06
273	5.88157e-06
274	5.83752e-06
275	5.78596e-06
276	5.72424e-06
277	5.65401e-06
278	5.57844e-06
279	5.50026e-06
280	5.42126e-06
281	5.3424e-06
282	5.2637e-06
283	5.18535e-06
284	5.10732e-06
285	5.02997e-06
286	4.95397e-06
287	4.88006e-06
288	4.80897e-06
289	4.7413e-06
290	4.67727e-06
291	4.61647e-06
292	4.55687e-06
293	4.49738e-06
294	4.43738e-06
295	4.37655e-06
296	4.31478e-06
297	4.25218e-06
298	4.1889e-06
299	4.12513e-06
300	4.06113e-06
301	3.99708e-06
302	3.9333e-06
303	3.87014e-06
304	3.80797e-06
305	3.74749e-06
306	3.68961e-06
307	3.63456e-06
308	3.5821e-06
309	3.53136e-06
310	3.48171e-06
311	3.43265e-06
312	3.38381e-06
313	3.335e-06
314	3.28611e-06
315	3.23707e-06
316	3.18788e-06
317	3.13861e-06
318	3.08942e-06
319	3.04054e-06
320	2.99215e-06
321	2.94454e-06
322	2.89808e-06
323	2.85306e-06
324	2.80986e-06
325	2.76863e-06
326	2.72913e-06
327	2.69047e-06
328	2.65215e-06
329	2.61384e-06
330	2.57539e-06
331	2.53674e-06
332	2.49783e-06
333	2.45868e-06
334	2.41934e-06
335	2.37988e-06
336	2.34041e-06
337	2.30104e-06
338	2.26193e-06
339	2.22324e-06
340	2.18517e-06
341	2.14808e-06
342	2.11236e-06
343	2.07817e-06
344	2.04536e-06
345	2.01348e-06
346	1.98215e-06
347	1.95116e-06
348	1.92041e-06
349	1.88978e-06
350	1.85921e-06
351	1.82873e-06
352	1.79835e-06
353	1.76817e-06
354	1.73827e-06
355	1.70876e-06
356	1.67981e-06
357	1.65159e-06
358	1.62433e-06
359	1.5981e-06
360	1.5729e-06
361	1.54838e-06
362	1.52424e-06
363	1.50028e-06
364	1.47642e-06
365	1.45259e-06
366	1.42876e-06
367	1.40492e-06
368	1.38105e-06
369	1.35721e-06
370	1.33341e-06
371	1.3097e-06
372	1.28613e-06
373	1.26276e-06
374	1.23968e-06
375	1.21696e-06
376	1.19471e-06
377	1.1731e-06
378	1.15229e-06
379	1.13225e-06
380	1.11289e-06
381	1.09398e-06
382	1.07538e-06
383	1.05699e-06
384	1.03877e-06
385	1.02068e-06
386	1.00274e-06
387	9.84945e-07
388	1.28514e-06
389	1.19856e-06
390	1.11491e-06
391	1.03963e-06
392	9.76515e-07
393	1.2358e-06
394	1.12835e-06
395	1.03556e-06
396	9.5844e-07
397	1.2012e-06
398	1.08679e-06
399	9.88693e-07
400	1.22219e-06
401	1.08925e-06
402	9.75937e-07
403	1.19123e-06
404	1.05208e-06
405	9.35907e-07
406	1.13588e-06
407	9.99637e-07
408	1.20329e-06
409	1.04385e-06
410	9.10891e-07
411	1.08981e-06
412	9.4588e-07
413	1.12714e-06
414	9.6888e-07
415	1.14578e-06
416	9.75207e-07
417	1.14396e-06
418	9.65686e-07
419	1.12494e-06
420	9.44083e-07
421	1.09481e-06
422	9.1588e-07
423	1.05978e-06
424	8.8534e-07
425	1.02394e-06
426	8.55048e-07
427	9.88934e-07
428	1.14059e-06
429	9.38277e-07
430	1.07079e-06
431	8.7606e-07
432	9.94783e-07
433	1.13003e-06
434	9.15852e-07
435	1.03003e-06
436	8.32947e-07
437	9.35805e-07
438	1.05359e-06
439	8.49247e-07
440	9.51184e-07
441	1.0671e-06
442	8.53892e-07
443	9.49972e-07
444	1.05986e-06
445	8.42098e-07
446	9.30802e-07
447	1.03253e-06
448	8.16771e-07
449	8.98583e-07
450	9.92201e-07
451	1.09562e-06
452	8.58026e-07
453	9.33887e-07
454	1.02114e-06
455	7.96001e-07
456	8.62974e-07
457	9.40923e-07
458	1.0275e-06
459	7.97547e-07
460	8.61046e-07
461	9.34699e-07
462	1.01665e-06
463	7.84241e-07
464	8.41687e-07
465	9.08789e-07
466	9.83712e-07
467	1.06547e-06
468	8.12667e-07
469	8.62995e-07
470	9.2263e-07
471	9.89645e-07
472	1.06266e-06
473	8.02799e-07
474	8.44783e-07
475	8.95863e-07
476	9.53961e-07
477	1.01796e-06
478	7.64567e-07
479	8.01535e-07
480	8.47451e-07
481	9.00274e-07
482	9.59292e-07
483	1.02536e-06
484	7.67281e-07
485	8.02906e-07
486	8.49244e-07
487	9.06106e-07
488	9.76168e-07
489	1.06713e-06
490	7.76058e-07
491	8.19499e-07
492	8.89109e-07
493	9.97998e-07
494	1.18813e-06
495	7.67116e-07
496	8.04258e-07
497	9.07459e-07
498	1.08143e-06
499	6.99829e-07
500	7.79373e-07
501	9.26726e-07
502	1.16014e-06
503	6.73174e-07
504	8.12938e-07
505	1.13919e-06
506	6.14853e-07
507	7.54989e-07
508	1.12719e-06
509	5.48954e-07
510	6.221e-07
511	8.38006e-07
512	1.19557e-06
513	5.6469e-07
514	6.17335e-07
515	7.20583e-07
516	8.88217e-07
517	1.12194e-06
518	6.62459e-07
519	9.84497e-07
520	2.07814e-06
521	7.8841e-07
522	1.21199e-06
523	6.10872e-07
524	8.66065e-07
525	1.34776e-06
526	6.20021e-07
527	7.68341e-07
528	1.03314e-06
529	5.42244e-07
530	7.71299e-07
531	1.49483e-06
532	5.95152e-07
533	9.25685e-07
534	2.20952e-06
535	6.92216e-07
536	6.71991e-07
537	7.82776e-07
538	1.23934e-06
539	7.69839e-07
540	1.17939e-06
541	5.48548e-07
542	6.58301e-07
543	8.84697e-07
544	1.1913e-06
545	6.38472e-07
546	9.83105e-07
547	2.11703e-06
548	7.70537e-07
549	1.2526e-06
550	5.50376e-07
551	7.64353e-07
552	1.23692e-06
553	5.9052e-07
554	7.86692e-07
555	1.10156e-06
556	5.26891e-07
557	7.33492e-07
558	1.34468e-06
559	5.58867e-07
560	9.01759e-07
561	2.25711e-06
562	6.9321e-07
563	7.42593e-07
564	8.26475e-07
565	1.00186e-06
566	8.29793e-07
567	1.37869e-06
568	6.99394e-07
569	1.06966e-06
570	5.01319e-07
571	5.67949e-07
572	6.51644e-07
573	7.68479e-07
574	8.85459e-07
575	1.02909e-06
576	6.88215e-07
577	8.42852e-07
578	1.32244e-06
579	5.20342e-07
580	5.91268e-07
581	7.92565e-07
582	1.26277e-06
583	6.34408e-07
584	9.33132e-07
585	1.44316e-06
586	6.32471e-07
587	8.05361e-07
588	1.12374e-06
589	5.8697e-07
590	8.90482e-07
591	1.74465e-06
592	6.82772e-07
593	1.0082e-06
594	5.55952e-07
595	7.88379e-07
596	1.25897e-06
597	5.72875e-07
598	7.3894e-07
599	1.03609e-06
600	5.11351e-07
601	7.12049e-07
602	1.25476e-06
603	5.5638e-07
604	8.305e-07
605	1.68871e-06
606	5.8893e-07
607	6.93691e-07
608	1.09772e-06
609	6.24153e-07
610	9.82405e-07
611	1.47899e-06
612	5.99405e-07
613	7.22457e-07
614	1.11075e-06
615	6.1242e-07
616	1.05877e-06
617	4.83927e-07
618	6.51003e-07
619	1.04169e-06
620	5.13624e-07
621	7.30053e-07
622	1.13065e-06
623	5.17599e-07
624	6.58594e-07
625	8.96697e-07
626	1.27577e-06
627	6.09022e-07
628	9.21514e-07
629	1.8593e-06
630	6.94268e-07
631	1.17261e-06
632	5.37938e-07
633	7.98927e-07
634	1.32601e-06
635	6.14601e-07
636	8.47888e-07
637	1.23336e-06
638	5.30806e-07
639	7.31752e-07
640	1.23462e-06
641	5.52968e-07
642	9.00323e-07
643	2.00685e-06
644	6.43627e-07
645	6.74863e-07
646	9.55701e-07
647	1.52498e-06
648	7.17396e-07
649	1.01812e-06
650	4.97639e-07
651	6.43398e-07
652	8.99925e-07
653	1.16157e-06
654	6.66705e-07
655	9.60454e-07
656	1.51884e-06
657	6.09517e-07
658	7.49408e-07
659	1.08153e-06
660	5.42657e-07
661	8.22254e-07
662	1.33531e-06
663	6.24546e-07
664	8.45651e-07
665	1.19303e-06
666	5.95599e-07
667	8.51307e-07
668	1.41284e-06
669	5.99193e-07
670	8.68385e-07
671	1.69774e-06
672	6.38909e-07
673	8.4269e-07
674	1.32618e-06
675	6.65524e-07
676	9.91872e-07
677	1.48045e-06
678	5.96114e-07
679	7.63861e-07
680	1.24633e-06
681	6.38636e-07
682	1.09124e-06
683	4.75559e-07
684	6.1196e-07
685	8.65381e-07
686	1.33256e-06
687	5.90709e-07
688	8.27174e-07
689	1.24525e-06
690	5.20451e-07
691	6.78246e-07
692	1.00767e-06
693	5.18632e-07
694	8.0894e-07
695	1.49778e-06
696	6.062e-07
697	8.98426e-07
698	1.76418e-06
699	5.93653e-07
700	7.60462e-07
701	1.25152e-06
702	6.61788e-07
703	1.06965e-06
704	4.93983e-07
705	6.43986e-07
706	8.87743e-07
707	1.23698e-06
708	5.91681e-07
709	8.84284e-07
710	1.6891e-06
711	6.28953e-07
712	9.66035e-07
713	2.2113e-06
714	6.67989e-07
715	7.514e-07
716	1.16961e-06
717	7.68745e-07
718	1.28802e-06
719	5.75081e-07
720	7.85675e-07
721	1.14068e-06
722	5.46495e-07
723	8.19007e-07
724	1.52573e-06
725	6.0873e-07
726	9.18727e-07
727	2.16899e-06
728	6.54908e-07
729	6.60417e-07
730	9.28482e-07
731	1.49722e-06
732	7.15013e-07
733	1.09423e-06
734	4.6247e-07
735	5.498e-07
736	7.33034e-07
737	1.01301e-06
738	5.70122e-07
739	8.36837e-07
740	1.52927e-06
741	5.7065e-07
742	7.40667e-07
743	1.32761e-06
744	5.22435e-07
745	8.1203e-07
746	1.37208e-06
747	5.88983e-07
748	8.37553e-07
749	1.23231e-06
750	5.1864e-07
751	7.45572e-07
752	1.40863e-06
753	5.68101e-07
754	9.54428e-07
755	2.3404e-06
756	6.90788e-07
757	7.76828e-07
758	9.94695e-07
759	1.61813e-06
760	8.11995e-07
761	1.41331e-06
762	7.86156e-07
763	1.34312e-06
764	6.0233e-07
765	7.7136e-07
766	1.07914e-06
767	6.16125e-07
768	9.65283e-07
769	1.96591e-06
770	6.97607e-07
771	1.02693e-06
772	5.3853e-07
773	8.05433e-07
774	1.32832e-06
775	5.54334e-07
776	7.18458e-07
777	9.86081e-07
778	1.3416e-06
779	6.52772e-07
780	1.02146e-06
781	5.89427e-07
782	1.28496e-06
783	5.60721e-07
784	8.3704e-07
785	1.61169e-06
786	6.13517e-07
787	8.3591e-07
788	1.30916e-06
789	6.2639e-07
790	8.72897e-07
791	1.273e-06
792	5.23319e-07
793	7.26502e-07
794	1.2773e-06
795	5.80823e-07
796	9.98674e-07
797	2.44735e-06
798	7.44625e-07
799	8.7343e-07
800	1.44435e-06
801	7.47149e-07
802	1.34464e-06
803	7.73862e-07
804	1.29347e-06
805	6.00646e-07
806	7.31224e-07
807	9.62374e-07
808	1.2695e-06
809	7.14747e-07
810	1.10288e-06
811	6.33419e-07
812	1.26174e-06
813	5.26373e-07
814	7.23101e-07
815	1.34686e-06
816	5.43501e-07
817	7.68794e-07
818	1.22449e-06
819	5.91816e-07
820	8.03834e-07
821	1.14356e-06
822	4.7947e-07
823	6.60495e-07
824	1.19099e-06
825	5.19443e-07
826	8.87601e-07
827	2.29812e-06
828	6.9994e-07
829	7.91958e-07
830	1.14383e-06
831	7.32129e-07
832	1.30651e-06
833	7.054e-07
834	1.14448e-06
835	5.38917e-07
836	6.29669e-07
837	7.94017e-07
838	1.03732e-06
839	6.38559e-07
840	9.53092e-07
841	1.9976e-06
842	6.81398e-07
843	1.0256e-06
844	5.03123e-07
845	7.81034e-07
846	1.30302e-06
847	5.68942e-07
848	7.16994e-07
849	9.64837e-07
850	1.27275e-06
851	6.50902e-07
852	1.01349e-06
853	5.77779e-07
854	1.30277e-06
855	5.40737e-07
856	8.05149e-07
857	1.70397e-06
858	6.08849e-07
859	7.60867e-07
860	1.21745e-06
861	6.50071e-07
862	9.55212e-07
863	1.36905e-06
864	5.14774e-07
865	6.42634e-07
866	1.09396e-06
867	5.49267e-07
868	1.01444e-06
869	4.23721e-07
870	4.82322e-07
871	6.04507e-07
872	9.0732e-07
873	1.98704e-06
874	6.27059e-07
875	6.83921e-07
876	1.12583e-06
877	6.2525e-07
878	1.01641e-06
879	4.52731e-07
880	5.68084e-07
881	7.94493e-07
882	1.10465e-06
883	5.97336e-07
884	9.1412e-07
885	1.95968e-06
886	6.73748e-07
887	1.0723e-06
888	4.76801e-07
889	7.06592e-07
890	1.19288e-06
891	5.33456e-07
892	7.0983e-07
893	1.00557e-06
894	4.86161e-07
895	6.85043e-07
896	1.32256e-06
897	5.03219e-07
898	8.08615e-07
899	2.13253e-06
900	6.10807e-07
901	6.20889e-07
902	6.2651e-07
903	9.88131e-07
904	1.56895e-06
905	6.89454e-07
906	8.94834e-07
907	1.2355e-06
908	4.76403e-07
909	7.10587e-07
910	1.44525e-06
911	6.01618e-07
912	1.09518e-06
913	4.63939e-07
914	4.93383e-07
915	7.00364e-07
916	1.0565e-06
917	4.34798e-07
918	5.0333e-07
919	6.67351e-07
920	9.13818e-07
921	1.22038e-06
922	5.60942e-07
923	9.56434e-07
924	2.47988e-06
925	8.03216e-07
926	1.6251e-06
927	5.48121e-07
928	7.60003e-07
929	1.28433e-06
930	6.6438e-07
931	9.67169e-07
932	1.37513e-06
933	5.22765e-07
934	6.86606e-07
935	1.21624e-06
936	5.34194e-07
937	1.01584e-06
938	4.12598e-07
939	4.33953e-07
940	4.8263e-07
941	5.76909e-07
942	7.99665e-07
943	1.16705e-06
944	4.88224e-07
945	5.16134e-07
946	6.4927e-07
947	8.87795e-07
948	1.21596e-06
949	5.42641e-07
950	9.22848e-07
951	2.15033e-06
952	7.40884e-07
953	1.33156e-06
954	5.45195e-07
955	8.02976e-07
956	1.35625e-06
957	6.22136e-07
958	8.77865e-07
959	1.29535e-06
960	5.22569e-07
961	7.3745e-07
962	1.31434e-06
963	5.53865e-07
964	9.5074e-07
965	2.42793e-06
966	7.21598e-07
967	8.23933e-07
968	1.10774e-06
969	7.68604e-07
970	1.38026e-06
971	7.36844e-07
972	1.20548e-06
973	5.43345e-07
974	6.44638e-07
975	8.18426e-07
976	1.07905e-06
977	6.57496e-07
978	9.6783e-07
979	1.8604e-06
980	6.63976e-07
981	9.39885e-07
982	2.02811e-06
983	6.56807e-07
984	9.11955e-07
985	1.5691e-06
986	7.84567e-07
987	1.19103e-06
988	5.61226e-07
989	6.84677e-07
990	9.16151e-07
991	1.22947e-06
992	6.91479e-07
993	1.04061e-06
994	5.42055e-07
995	8.84275e-07
996	1.94474e-06
997	6.97862e-07
998	8.36818e-07
999	1.07303e-06
1000	7.46069e-07
