1	0.0788485
2	0.00222437
3	0.00213052
4	0.0154149
5	0.006076
6	0.00643942
7	0.0144542
8	0.00409442
9	0.00387289
10	0.0200853
11	0.00833813
12	0.00722494
13	0.00841027
14	0.00437475
15	0.00452983
16	0.00736762
17	0.00646346
18	0.00726297
19	0.00705158
20	0.00172315
21	0.00391981
22	0.00292797
23	0.00900833
24	0.0126295
25	0.00969596
26	0.00496224
27	0.0015283
28	0.00275892
29	0.00339529
30	0.00435675
31	0.00258912
32	0.00395302
33	0.00358944
34	0.00303994
35	0.00146828
36	0.00211497
37	0.00229079
38	0.00258366
39	0.00163179
40	0.00225387
41	0.00209751
42	0.000766276
43	0.00101033
44	0.000643207
45	0.000907435
46	0.00117624
47	0.00109585
48	0.000875483
49	0.000897459
50	0.00076177
51	0.000672461
52	0.00049892
53	0.000506673
54	0.000452325
55	0.000444166
56	0.000314989
57	0.000792627
58	0.000703687
59	0.000260721
60	0.000236835
61	0.000528936
62	0.000219933
63	0.000176066
64	0.000155953
65	0.000378377
66	0.000359565
67	0.000121956
68	0.000107856
69	0.000108398
70	0.000230662
71	9.45882e-05
72	7.83994e-05
73	7.19754e-05
74	6.44663e-05
75	5.7039e-05
76	5.46413e-05
77	5.02403e-05
78	4.82139e-05
79	9.10594e-05
80	4.0309e-05
81	3.58523e-05
82	3.33748e-05
83	4.42286e-05
84	4.61491e-05
85	6.34233e-05
86	8.09886e-05
87	6.94788e-05
88	0.000126527
89	0.000129041
90	0.000142701
91	0.000137128
92	0.000126517
93	0.000116415
94	0.000104667
95	7.91884e-05
96	6.69764e-05
97	8.02888e-05
98	4.70055e-05
99	6.36539e-05
100	6.35671e-05
101	6.13733e-05
102	5.26187e-05
103	5.22776e-05
104	2.7573e-05
105	4.29753e-05
106	3.88582e-05
107	3.89701e-05
108	3.24544e-05
109	2.66768e-05
110	2.32864e-05
111	1.94012e-05
112	1.74714e-05
113	1.77372e-05
114	1.055e-05
115	9.58322e-06
116	1.5568e-05
117	2.04343e-05
118	3.72989e-05
119	2.78302e-05
120	4.19476e-05
121	9.04305e-05
122	8.01036e-05
123	8.23953e-05
124	8.07697e-05
125	6.5625e-05
126	5.35457e-05
127	6.01729e-05
128	6.44118e-05
129	5.86926e-05
130	5.02315e-05
131	4.33644e-05
132	3.84253e-05
133	3.60806e-05
134	3.46252e-05
135	3.33323e-05
136	3.11367e-05
137	2.83805e-05
138	2.50508e-05
139	2.09125e-05
140	1.85371e-05
141	1.64509e-05
142	1.68863e-05
143	1.60852e-05
144	1.55336e-05
145	1.42255e-05
146	1.31971e-05
147	1.46063e-05
148	1.24283e-05
149	1.14578e-05
150	1.13911e-05
151	1.57126e-05
152	1.02711e-05
153	9.96604e-06
154	9.59332e-06
155	8.66199e-06
156	7.19509e-06
157	6.91081e-06
158	5.54516e-06
159	5.17861e-06
160	5.65322e-06
161	6.0274e-06
162	5.86109e-06
163	5.194e-06
164	4.451e-06
165	3.94864e-06
166	3.42846e-06
167	2.77192e-06
168	2.44092e-06
169	2.45571e-06
170	2.62903e-06
171	2.9883e-06
172	3.12985e-06
173	3.05886e-06
174	2.8846e-06
175	2.65189e-06
176	2.38908e-06
177	2.13557e-06
178	1.86233e-06
179	1.55837e-06
180	1.28959e-06
181	1.22003e-06
182	1.41656e-06
183	1.63272e-06
184	1.79264e-06
185	1.87215e-06
186	1.86764e-06
187	1.78963e-06
188	1.65477e-06
189	1.47841e-06
190	1.27367e-06
191	1.05534e-06
192	8.47876e-07
193	7.90831e-07
194	9.35642e-07
195	1.08979e-06
196	1.20012e-06
197	1.25929e-06
198	1.26877e-06
199	1.23376e-06
200	1.16063e-06
201	1.05597e-06
202	9.2748e-07
203	7.87292e-07
204	6.73978e-07
205	6.47893e-07
206	7.10295e-07
207	8.04297e-07
208	8.79332e-07
209	9.24384e-07
210	9.36972e-07
211	9.18836e-07
212	8.74268e-07
213	8.086e-07
214	7.27592e-07
215	6.38035e-07
216	5.48726e-07
217	4.85009e-07
218	5.14141e-07
219	5.76795e-07
220	6.32224e-07
221	6.72398e-07
222	6.94583e-07
223	6.98561e-07
224	6.85506e-07
225	6.5766e-07
226	6.1815e-07
227	5.71087e-07
228	5.22868e-07
229	4.85518e-07
230	4.73754e-07
231	4.8741e-07
232	5.24567e-07
233	5.62166e-07
234	5.93084e-07
235	6.15451e-07
236	6.07149e-07
237	5.73171e-07
238	5.30731e-07
239	4.86688e-07
240	4.41756e-07
241	3.97755e-07
242	3.62634e-07
243	3.58243e-07
244	3.76691e-07
245	3.99347e-07
246	4.17665e-07
247	4.28947e-07
248	4.32245e-07
249	4.27611e-07
250	4.15797e-07
251	3.98044e-07
252	3.76036e-07
253	9.96439e-07
254	3.67441e-07
255	3.51651e-07
256	3.33253e-07
257	9.55264e-07
258	3.46229e-07
259	3.44125e-07
260	9.63695e-07
261	3.59938e-07
262	9.88898e-07
263	3.65234e-07
264	9.81831e-07
265	3.49927e-07
266	9.39449e-07
267	9.60722e-07
268	9.91236e-07
269	3.32574e-07
270	9.27338e-07
271	9.2898e-07
272	9.4421e-07
273	9.63658e-07
274	9.79688e-07
275	9.87579e-07
276	9.8596e-07
277	9.759e-07
278	9.59847e-07
279	9.40523e-07
280	9.20151e-07
281	8.99933e-07
282	8.80413e-07
283	8.61683e-07
284	8.4366e-07
285	8.26416e-07
286	8.10442e-07
287	7.96052e-07
288	7.83296e-07
289	7.72343e-07
290	7.63763e-07
291	7.57315e-07
292	7.51748e-07
293	7.45651e-07
294	7.38483e-07
295	7.30079e-07
296	7.20366e-07
297	7.09356e-07
298	6.97101e-07
299	6.83718e-07
300	6.69365e-07
301	6.54264e-07
302	6.38677e-07
303	6.22972e-07
304	6.07705e-07
305	5.93574e-07
306	5.81418e-07
307	5.71474e-07
308	5.63541e-07
309	5.56856e-07
310	5.50861e-07
311	5.44845e-07
312	5.38414e-07
313	5.31373e-07
314	5.23621e-07
315	5.15133e-07
316	5.0595e-07
317	4.9617e-07
318	4.85954e-07
319	4.75532e-07
320	4.65287e-07
321	4.55562e-07
322	4.4664e-07
323	4.38693e-07
324	4.32015e-07
325	4.2683e-07
326	4.22815e-07
327	4.19149e-07
328	4.15247e-07
329	4.10892e-07
330	4.05967e-07
331	4.00396e-07
332	3.94179e-07
333	3.87328e-07
334	3.79899e-07
335	3.71948e-07
336	3.63579e-07
337	3.54912e-07
338	3.46091e-07
339	3.37304e-07
340	3.28777e-07
341	3.20814e-07
342	3.13815e-07
343	3.07892e-07
344	3.02994e-07
345	2.98702e-07
346	2.94682e-07
347	2.90646e-07
348	2.86417e-07
349	2.81917e-07
350	2.77117e-07
351	2.7203e-07
352	2.66705e-07
353	2.61224e-07
354	2.55728e-07
355	2.50407e-07
356	2.45425e-07
357	2.40921e-07
358	2.37025e-07
359	2.3384e-07
360	2.31265e-07
361	2.29039e-07
362	2.2682e-07
363	2.24448e-07
364	2.21839e-07
365	2.18946e-07
366	2.15744e-07
367	2.12227e-07
368	2.08406e-07
369	2.04301e-07
370	1.99948e-07
371	1.9539e-07
372	1.90687e-07
373	1.85906e-07
374	1.81132e-07
375	1.7645e-07
376	1.71967e-07
377	1.67825e-07
378	1.6421e-07
379	1.61092e-07
380	1.58422e-07
381	1.55991e-07
382	1.53622e-07
383	1.5121e-07
384	1.48699e-07
385	1.4607e-07
386	1.43325e-07
387	9.84945e-07
388	1.83868e-07
389	1.81341e-07
390	1.70466e-07
391	1.55135e-07
392	9.76515e-07
393	1.72292e-07
394	1.62797e-07
395	1.49572e-07
396	9.5844e-07
397	1.67116e-07
398	1.57789e-07
399	9.88693e-07
400	1.76769e-07
401	1.63983e-07
402	9.75937e-07
403	1.74248e-07
404	1.58053e-07
405	9.35907e-07
406	1.62293e-07
407	9.99637e-07
408	1.74108e-07
409	1.56479e-07
410	9.10891e-07
411	1.54563e-07
412	9.4588e-07
413	1.5928e-07
414	9.6888e-07
415	1.64651e-07
416	9.75207e-07
417	1.65994e-07
418	9.65686e-07
419	1.6209e-07
420	9.44083e-07
421	1.54616e-07
422	9.1588e-07
423	1.46201e-07
424	8.8534e-07
425	1.38768e-07
426	8.55048e-07
427	9.88934e-07
428	1.56004e-07
429	9.38277e-07
430	1.52882e-07
431	8.7606e-07
432	9.94783e-07
433	1.609e-07
434	9.15852e-07
435	1.47295e-07
436	8.32947e-07
437	9.35805e-07
438	1.43368e-07
439	8.49247e-07
440	9.51184e-07
441	1.46878e-07
442	8.53892e-07
443	9.49972e-07
444	1.49455e-07
445	8.42098e-07
446	9.30802e-07
447	1.46941e-07
448	8.16771e-07
449	8.98583e-07
450	9.92201e-07
451	1.57805e-07
452	8.58026e-07
453	9.33887e-07
454	1.48548e-07
455	7.96001e-07
456	8.62974e-07
457	9.40923e-07
458	1.44565e-07
459	7.97547e-07
460	8.61046e-07
461	9.34699e-07
462	1.44376e-07
463	7.84241e-07
464	8.41687e-07
465	9.08789e-07
466	9.83712e-07
467	1.55378e-07
468	8.12667e-07
469	8.62995e-07
470	9.2263e-07
471	9.89645e-07
472	1.56214e-07
473	8.02799e-07
474	8.44783e-07
475	8.95863e-07
476	9.53961e-07
477	1.43252e-07
478	7.64567e-07
479	8.01535e-07
480	8.47451e-07
481	9.00274e-07
482	9.59292e-07
483	1.44592e-07
484	7.67281e-07
485	8.02906e-07
486	8.49244e-07
487	9.06106e-07
488	9.76168e-07
489	1.80359e-07
490	7.76058e-07
491	8.19499e-07
492	8.89109e-07
493	9.97998e-07
494	2.24859e-07
495	7.67116e-07
496	8.04258e-07
497	9.07459e-07
498	2.04403e-07
499	6.99829e-07
500	7.79373e-07
501	9.26726e-07
502	2.18313e-07
503	6.73174e-07
504	8.12938e-07
505	2.03831e-07
506	6.14853e-07
507	7.54989e-07
508	2.09076e-07
509	5.48954e-07
510	6.221e-07
511	8.38006e-07
512	2.12012e-07
513	5.6469e-07
514	6.17335e-07
515	7.20583e-07
516	8.88217e-07
517	2.15187e-07
518	6.62459e-07
519	9.84497e-07
520	3.75794e-07
521	7.8841e-07
522	2.30753e-07
523	6.10872e-07
524	8.66065e-07
525	2.3996e-07
526	6.20021e-07
527	7.68341e-07
528	2.0056e-07
529	5.42244e-07
530	7.71299e-07
531	2.55176e-07
532	5.95152e-07
533	9.25685e-07
534	3.87484e-07
535	6.92216e-07
536	6.71991e-07
537	7.82776e-07
538	2.0313e-07
539	7.69839e-07
540	2.28603e-07
541	5.48548e-07
542	6.58301e-07
543	8.84697e-07
544	2.20587e-07
545	6.38472e-07
546	9.83105e-07
547	3.61903e-07
548	7.70537e-07
549	2.31581e-07
550	5.50376e-07
551	7.64353e-07
552	2.08675e-07
553	5.9052e-07
554	7.86692e-07
555	2.14854e-07
556	5.26891e-07
557	7.33492e-07
558	2.3394e-07
559	5.58867e-07
560	9.01759e-07
561	3.97183e-07
562	6.9321e-07
563	7.42593e-07
564	8.26475e-07
565	1.71878e-07
566	8.29793e-07
567	2.50598e-07
568	6.99394e-07
569	2.08697e-07
570	5.01319e-07
571	5.67949e-07
572	6.51644e-07
573	7.68479e-07
574	8.85459e-07
575	1.56936e-07
576	6.88215e-07
577	8.42852e-07
578	2.36708e-07
579	5.20342e-07
580	5.91268e-07
581	7.92565e-07
582	2.06247e-07
583	6.34408e-07
584	9.33132e-07
585	2.57114e-07
586	6.32471e-07
587	8.05361e-07
588	1.98792e-07
589	5.8697e-07
590	8.90482e-07
591	2.84598e-07
592	6.82772e-07
593	1.83417e-07
594	5.55952e-07
595	7.88379e-07
596	2.02144e-07
597	5.72875e-07
598	7.3894e-07
599	1.85978e-07
600	5.11351e-07
601	7.12049e-07
602	1.98904e-07
603	5.5638e-07
604	8.305e-07
605	2.82874e-07
606	5.8893e-07
607	6.93691e-07
608	1.6829e-07
609	6.24153e-07
610	9.82405e-07
611	2.73794e-07
612	5.99405e-07
613	7.22457e-07
614	1.58762e-07
615	6.1242e-07
616	1.77841e-07
617	4.83927e-07
618	6.51003e-07
619	1.59185e-07
620	5.13624e-07
621	7.30053e-07
622	1.78523e-07
623	5.17599e-07
624	6.58594e-07
625	8.96697e-07
626	2.23986e-07
627	6.09022e-07
628	9.21514e-07
629	2.99239e-07
630	6.94268e-07
631	1.90594e-07
632	5.37938e-07
633	7.98927e-07
634	1.94119e-07
635	6.14601e-07
636	8.47888e-07
637	2.07402e-07
638	5.30806e-07
639	7.31752e-07
640	1.89664e-07
641	5.52968e-07
642	9.00323e-07
643	3.26271e-07
644	6.43627e-07
645	6.74863e-07
646	9.55701e-07
647	2.08794e-07
648	7.17396e-07
649	1.74254e-07
650	4.97639e-07
651	6.43398e-07
652	8.99925e-07
653	1.33385e-07
654	6.66705e-07
655	9.60454e-07
656	2.14255e-07
657	6.09517e-07
658	7.49408e-07
659	1.64629e-07
660	5.42657e-07
661	8.22254e-07
662	2.00216e-07
663	6.24546e-07
664	8.45651e-07
665	1.69013e-07
666	5.95599e-07
667	8.51307e-07
668	2.25487e-07
669	5.99193e-07
670	8.68385e-07
671	2.73827e-07
672	6.38909e-07
673	8.4269e-07
674	1.8171e-07
675	6.65524e-07
676	9.91872e-07
677	2.68883e-07
678	5.96114e-07
679	7.63861e-07
680	1.72085e-07
681	6.38636e-07
682	1.72301e-07
683	4.75559e-07
684	6.1196e-07
685	8.65381e-07
686	1.8619e-07
687	5.90709e-07
688	8.27174e-07
689	2.01665e-07
690	5.20451e-07
691	6.78246e-07
692	1.59253e-07
693	5.18632e-07
694	8.0894e-07
695	2.21763e-07
696	6.062e-07
697	8.98426e-07
698	2.79301e-07
699	5.93653e-07
700	7.60462e-07
701	1.6835e-07
702	6.61788e-07
703	1.74547e-07
704	4.93983e-07
705	6.43986e-07
706	8.87743e-07
707	1.78473e-07
708	5.91681e-07
709	8.84284e-07
710	2.64582e-07
711	6.28953e-07
712	9.66035e-07
713	3.44657e-07
714	6.67989e-07
715	7.514e-07
716	1.62373e-07
717	7.68745e-07
718	2.20448e-07
719	5.75081e-07
720	7.85675e-07
721	1.76088e-07
722	5.46495e-07
723	8.19007e-07
724	2.40512e-07
725	6.0873e-07
726	9.18727e-07
727	3.63907e-07
728	6.54908e-07
729	6.60417e-07
730	9.28482e-07
731	2.13932e-07
732	7.15013e-07
733	1.93439e-07
734	4.6247e-07
735	5.498e-07
736	7.33034e-07
737	1.27625e-07
738	5.70122e-07
739	8.36837e-07
740	2.44664e-07
741	5.7065e-07
742	7.40667e-07
743	2.18066e-07
744	5.22435e-07
745	8.1203e-07
746	2.00141e-07
747	5.88983e-07
748	8.37553e-07
749	2.17014e-07
750	5.1864e-07
751	7.45572e-07
752	2.14399e-07
753	5.68101e-07
754	9.54428e-07
755	3.8933e-07
756	6.90788e-07
757	7.76828e-07
758	9.94695e-07
759	2.43609e-07
760	8.11995e-07
761	2.23216e-07
762	7.86156e-07
763	2.42912e-07
764	6.0233e-07
765	7.7136e-07
766	1.65976e-07
767	6.16125e-07
768	9.65283e-07
769	3.16079e-07
770	6.97607e-07
771	1.74115e-07
772	5.3853e-07
773	8.05433e-07
774	2.13375e-07
775	5.54334e-07
776	7.18458e-07
777	9.86081e-07
778	2.29309e-07
779	6.52772e-07
780	1.67037e-07
781	5.89427e-07
782	2.21154e-07
783	5.60721e-07
784	8.3704e-07
785	2.56298e-07
786	6.13517e-07
787	8.3591e-07
788	2.13174e-07
789	6.2639e-07
790	8.72897e-07
791	2.46061e-07
792	5.23319e-07
793	7.26502e-07
794	1.91028e-07
795	5.80823e-07
796	9.98674e-07
797	4.15945e-07
798	7.44625e-07
799	8.7343e-07
800	2.37472e-07
801	7.47149e-07
802	2.22053e-07
803	7.73862e-07
804	2.47653e-07
805	6.00646e-07
806	7.31224e-07
807	9.62374e-07
808	2.29882e-07
809	7.14747e-07
810	1.80499e-07
811	6.33419e-07
812	2.26402e-07
813	5.26373e-07
814	7.23101e-07
815	2.29669e-07
816	5.43501e-07
817	7.68794e-07
818	2.07744e-07
819	5.91816e-07
820	8.03834e-07
821	2.31233e-07
822	4.7947e-07
823	6.60495e-07
824	1.93922e-07
825	5.19443e-07
826	8.87601e-07
827	4.00442e-07
828	6.9994e-07
829	7.91958e-07
830	1.95903e-07
831	7.32129e-07
832	2.29613e-07
833	7.054e-07
834	2.2706e-07
835	5.38917e-07
836	6.29669e-07
837	7.94017e-07
838	1.81636e-07
839	6.38559e-07
840	9.53092e-07
841	3.42225e-07
842	6.81398e-07
843	1.86509e-07
844	5.03123e-07
845	7.81034e-07
846	2.24214e-07
847	5.68942e-07
848	7.16994e-07
849	9.64837e-07
850	2.4952e-07
851	6.50902e-07
852	1.74584e-07
853	5.77779e-07
854	2.37158e-07
855	5.40737e-07
856	8.05149e-07
857	2.94202e-07
858	6.08849e-07
859	7.60867e-07
860	2.07867e-07
861	6.50071e-07
862	9.55212e-07
863	2.79685e-07
864	5.14774e-07
865	6.42634e-07
866	1.70202e-07
867	5.49267e-07
868	1.84902e-07
869	4.23721e-07
870	4.82322e-07
871	6.04507e-07
872	9.0732e-07
873	3.43499e-07
874	6.27059e-07
875	6.83921e-07
876	1.88782e-07
877	6.2525e-07
878	1.97152e-07
879	4.52731e-07
880	5.68084e-07
881	7.94493e-07
882	1.97125e-07
883	5.97336e-07
884	9.1412e-07
885	3.36263e-07
886	6.73748e-07
887	1.94816e-07
888	4.76801e-07
889	7.06592e-07
890	1.95607e-07
891	5.33456e-07
892	7.0983e-07
893	1.92779e-07
894	4.86161e-07
895	6.85043e-07
896	2.30037e-07
897	5.03219e-07
898	8.08615e-07
899	3.67476e-07
900	6.10807e-07
901	6.20889e-07
902	6.2651e-07
903	9.88131e-07
904	2.63147e-07
905	6.89454e-07
906	8.94834e-07
907	2.51621e-07
908	4.76403e-07
909	7.10587e-07
910	2.28264e-07
911	6.01618e-07
912	1.94362e-07
913	4.63939e-07
914	4.93383e-07
915	7.00364e-07
916	1.79616e-07
917	4.34798e-07
918	5.0333e-07
919	6.67351e-07
920	9.13818e-07
921	2.36918e-07
922	5.60942e-07
923	9.56434e-07
924	4.22137e-07
925	8.03216e-07
926	2.85731e-07
927	5.48121e-07
928	7.60003e-07
929	2.0426e-07
930	6.6438e-07
931	9.67169e-07
932	2.7457e-07
933	5.22765e-07
934	6.86606e-07
935	1.98862e-07
936	5.34194e-07
937	1.85177e-07
938	4.12598e-07
939	4.33953e-07
940	4.8263e-07
941	5.76909e-07
942	7.99665e-07
943	1.90863e-07
944	4.88224e-07
945	5.16134e-07
946	6.4927e-07
947	8.87795e-07
948	2.26347e-07
949	5.42641e-07
950	9.22848e-07
951	3.52883e-07
952	7.40884e-07
953	2.27742e-07
954	5.45195e-07
955	8.02976e-07
956	2.04505e-07
957	6.22136e-07
958	8.77865e-07
959	2.32687e-07
960	5.22569e-07
961	7.3745e-07
962	2.10511e-07
963	5.53865e-07
964	9.5074e-07
965	4.07269e-07
966	7.21598e-07
967	8.23933e-07
968	1.73161e-07
969	7.68604e-07
970	2.28797e-07
971	7.36844e-07
972	2.21679e-07
973	5.43345e-07
974	6.44638e-07
975	8.18426e-07
976	1.63912e-07
977	6.57496e-07
978	9.6783e-07
979	3.05917e-07
980	6.63976e-07
981	9.39885e-07
982	3.31574e-07
983	6.56807e-07
984	9.11955e-07
985	2.26173e-07
986	7.84567e-07
987	2.14027e-07
988	5.61226e-07
989	6.84677e-07
990	9.16151e-07
991	1.68325e-07
992	6.91479e-07
993	1.50264e-07
994	5.42055e-07
995	8.84275e-07
996	3.13987e-07
997	6.97862e-07
998	8.36818e-07
999	1.51205e-07
1000	7.46069e-07
