1	4
2	3
3	4
4	3
5	2
6	3
7	3
8	2
9	4
10	4
11	2
12	4
13	3
14	2
15	3
16	3
17	3
18	3
19	3
20	3
21	2
22	3
23	2
24	2
25	2
26	2
27	3
28	2
29	2
30	2
31	3
32	2
33	2
34	2
35	3
36	2
37	2
38	2
39	3
40	2
41	2
42	3
43	3
44	3
45	3
46	3
47	3
48	3
49	3
50	3
51	3
52	3
53	3
54	3
55	3
56	3
57	2
58	2
59	3
60	3
61	2
62	3
63	3
64	3
65	2
66	2
67	3
68	3
69	3
70	2
71	3
72	3
73	3
74	3
75	3
76	3
77	3
78	3
79	2
80	3
81	3
82	3
83	3
84	3
85	3
86	3
87	3
88	2
89	2
90	2
91	2
92	2
93	2
94	2
95	2
96	2
97	2
98	3
99	2
100	2
101	2
102	2
103	2
104	3
105	2
106	2
107	2
108	2
109	2
110	2
111	2
112	2
113	2
114	3
115	3
116	2
117	2
118	2
119	2
120	2
121	2
122	2
123	2
124	2
125	2
126	2
127	2
128	2
129	2
130	2
131	2
132	2
133	2
134	2
135	2
136	2
137	2
138	2
139	2
140	2
141	2
142	2
143	2
144	2
145	2
146	2
147	2
148	2
149	2
150	2
151	2
152	2
153	2
154	2
155	2
156	2
157	2
158	2
159	2
160	2
161	2
162	2
163	2
164	2
165	2
166	2
167	2
168	2
169	2
170	2
171	2
172	2
173	2
174	2
175	2
176	2
177	2
178	2
179	2
180	2
181	2
182	2
183	2
184	2
185	2
186	2
187	2
188	2
189	2
190	2
191	2
192	2
193	2
194	2
195	2
196	2
197	2
198	2
199	2
200	2
201	2
202	2
203	2
204	2
205	2
206	2
207	2
208	2
209	2
210	2
211	2
212	2
213	2
214	2
215	2
216	2
217	2
218	2
219	2
220	2
221	2
222	2
223	2
224	2
225	2
226	2
227	2
228	2
229	2
230	2
231	2
232	2
233	2
234	2
235	2
236	2
237	2
238	2
239	2
240	2
241	2
242	2
243	2
244	2
245	2
246	2
247	2
248	2
249	2
250	2
251	2
252	2
253	1
254	2
255	2
256	2
257	1
258	2
259	2
260	1
261	2
262	1
263	2
264	1
265	2
266	1
267	1
268	1
269	2
270	1
271	1
272	1
273	1
274	1
275	1
276	1
277	1
278	1
279	1
280	1
281	1
282	1
283	1
284	1
285	1
286	1
287	1
288	1
289	1
290	1
291	1
292	1
293	1
294	1
295	1
296	1
297	1
298	1
299	1
300	1
301	1
302	1
303	1
304	1
305	1
306	1
307	1
308	1
309	1
310	1
311	1
312	1
313	1
314	1
315	1
316	1
317	1
318	1
319	1
320	1
321	1
322	1
323	1
324	1
325	1
326	1
327	1
328	1
329	1
330	1
331	1
332	1
333	1
334	1
335	1
336	1
337	1
338	1
339	1
340	1
341	1
342	1
343	1
344	1
345	1
346	1
347	1
348	1
349	1
350	1
351	1
352	1
353	1
354	1
355	1
356	1
357	1
358	1
359	1
360	1
361	1
362	1
363	1
364	1
365	1
366	1
367	1
368	1
369	1
370	1
371	1
372	1
373	1
374	1
375	1
376	1
377	1
378	1
379	1
380	1
381	1
382	1
383	1
384	1
385	1
386	1
387	0
388	1
389	1
390	1
391	1
392	0
393	1
394	1
395	1
396	0
397	1
398	1
399	0
400	1
401	1
402	0
403	1
404	1
405	0
406	1
407	0
408	1
409	1
410	0
411	1
412	0
413	1
414	0
415	1
416	0
417	1
418	0
419	1
420	0
421	1
422	0
423	1
424	0
425	1
426	0
427	0
428	1
429	0
430	1
431	0
432	0
433	1
434	0
435	1
436	0
437	0
438	1
439	0
440	0
441	1
442	0
443	0
444	1
445	0
446	0
447	1
448	0
449	0
450	0
451	1
452	0
453	0
454	1
455	0
456	0
457	0
458	1
459	0
460	0
461	0
462	1
463	0
464	0
465	0
466	0
467	1
468	0
469	0
470	0
471	0
472	1
473	0
474	0
475	0
476	0
477	1
478	0
479	0
480	0
481	0
482	0
483	1
484	0
485	0
486	0
487	0
488	0
489	1
490	0
491	0
492	0
493	0
494	1
495	0
496	0
497	0
498	1
499	0
500	0
501	0
502	1
503	0
504	0
505	1
506	0
507	0
508	1
509	0
510	0
511	0
512	1
513	0
514	0
515	0
516	0
517	1
518	0
519	0
520	1
521	0
522	1
523	0
524	0
525	1
526	0
527	0
528	1
529	0
530	0
531	1
532	0
533	0
534	1
535	0
536	0
537	0
538	1
539	0
540	1
541	0
542	0
543	0
544	1
545	0
546	0
547	1
548	0
549	1
550	0
551	0
552	1
553	0
554	0
555	1
556	0
557	0
558	1
559	0
560	0
561	1
562	0
563	0
564	0
565	1
566	0
567	1
568	0
569	1
570	0
571	0
572	0
573	0
574	0
575	1
576	0
577	0
578	1
579	0
580	0
581	0
582	1
583	0
584	0
585	1
586	0
587	0
588	1
589	0
590	0
591	1
592	0
593	1
594	0
595	0
596	1
597	0
598	0
599	1
600	0
601	0
602	1
603	0
604	0
605	1
606	0
607	0
608	1
609	0
610	0
611	1
612	0
613	0
614	1
615	0
616	1
617	0
618	0
619	1
620	0
621	0
622	1
623	0
624	0
625	0
626	1
627	0
628	0
629	1
630	0
631	1
632	0
633	0
634	1
635	0
636	0
637	1
638	0
639	0
640	1
641	0
642	0
643	1
644	0
645	0
646	0
647	1
648	0
649	1
650	0
651	0
652	0
653	1
654	0
655	0
656	1
657	0
658	0
659	1
660	0
661	0
662	1
663	0
664	0
665	1
666	0
667	0
668	1
669	0
670	0
671	1
672	0
673	0
674	1
675	0
676	0
677	1
678	0
679	0
680	1
681	0
682	1
683	0
684	0
685	0
686	1
687	0
688	0
689	1
690	0
691	0
692	1
693	0
694	0
695	1
696	0
697	0
698	1
699	0
700	0
701	1
702	0
703	1
704	0
705	0
706	0
707	1
708	0
709	0
710	1
711	0
712	0
713	1
714	0
715	0
716	1
717	0
718	1
719	0
720	0
721	1
722	0
723	0
724	1
725	0
726	0
727	1
728	0
729	0
730	0
731	1
732	0
733	1
734	0
735	0
736	0
737	1
738	0
739	0
740	1
741	0
742	0
743	1
744	0
745	0
746	1
747	0
748	0
749	1
750	0
751	0
752	1
753	0
754	0
755	1
756	0
757	0
758	0
759	1
760	0
761	1
762	0
763	1
764	0
765	0
766	1
767	0
768	0
769	1
770	0
771	1
772	0
773	0
774	1
775	0
776	0
777	0
778	1
779	0
780	1
781	0
782	1
783	0
784	0
785	1
786	0
787	0
788	1
789	0
790	0
791	1
792	0
793	0
794	1
795	0
796	0
797	1
798	0
799	0
800	1
801	0
802	1
803	0
804	1
805	0
806	0
807	0
808	1
809	0
810	1
811	0
812	1
813	0
814	0
815	1
816	0
817	0
818	1
819	0
820	0
821	1
822	0
823	0
824	1
825	0
826	0
827	1
828	0
829	0
830	1
831	0
832	1
833	0
834	1
835	0
836	0
837	0
838	1
839	0
840	0
841	1
842	0
843	1
844	0
845	0
846	1
847	0
848	0
849	0
850	1
851	0
852	1
853	0
854	1
855	0
856	0
857	1
858	0
859	0
860	1
861	0
862	0
863	1
864	0
865	0
866	1
867	0
868	1
869	0
870	0
871	0
872	0
873	1
874	0
875	0
876	1
877	0
878	1
879	0
880	0
881	0
882	1
883	0
884	0
885	1
886	0
887	1
888	0
889	0
890	1
891	0
892	0
893	1
894	0
895	0
896	1
897	0
898	0
899	1
900	0
901	0
902	0
903	0
904	1
905	0
906	0
907	1
908	0
909	0
910	1
911	0
912	1
913	0
914	0
915	0
916	1
917	0
918	0
919	0
920	0
921	1
922	0
923	0
924	1
925	0
926	1
927	0
928	0
929	1
930	0
931	0
932	1
933	0
934	0
935	1
936	0
937	1
938	0
939	0
940	0
941	0
942	0
943	1
944	0
945	0
946	0
947	0
948	1
949	0
950	0
951	1
952	0
953	1
954	0
955	0
956	1
957	0
958	0
959	1
960	0
961	0
962	1
963	0
964	0
965	1
966	0
967	0
968	1
969	0
970	1
971	0
972	1
973	0
974	0
975	0
976	1
977	0
978	0
979	1
980	0
981	0
982	1
983	0
984	0
985	1
986	0
987	1
988	0
989	0
990	0
991	1
992	0
993	1
994	0
995	0
996	1
997	0
998	0
999	1
1000	0
