1	1
2	0.839052
3	0.614333
4	0.0280478
5	0.122691
6	0.0884197
7	0.0130949
8	0.0573096
9	0.0491304
10	0.0146285
11	0.0398963
12	0.032637
13	0.00640981
14	0.0138335
15	0.011856
16	0.00692115
17	0.0155621
18	0.0138835
19	0.00618102
20	0.00322028
21	0.00307824
22	0.00322565
23	0.00596433
24	0.00602611
25	0.00490723
26	0.00271905
27	0.0018779
28	0.00180707
29	0.00186806
30	0.00223206
31	0.00238011
32	0.00213294
33	0.0016175
34	0.00103561
35	0.000851854
36	0.000908223
37	0.000839778
38	0.000787914
39	0.000769769
40	0.000730398
41	0.00055422
42	0.000381094
43	0.000464096
44	0.000460579
45	0.00038439
46	0.000484739
47	0.000824872
48	0.000604462
49	0.000375071
50	0.000281882
51	0.000259846
52	0.000246615
53	0.00022137
54	0.000183962
55	0.000188689
56	0.000176434
57	0.000158241
58	0.00013059
59	0.000112296
60	0.00013706
61	0.000130674
62	0.000108163
63	9.24756e-05
64	0.000113497
65	0.000101255
66	7.39007e-05
67	6.60587e-05
68	8.68368e-05
69	8.02352e-05
70	5.30882e-05
71	4.94035e-05
72	5.49045e-05
73	4.85536e-05
74	3.4064e-05
75	4.43307e-05
76	4.49925e-05
77	3.53769e-05
78	2.61327e-05
79	2.61706e-05
80	2.39612e-05
81	2.05549e-05
82	2.69094e-05
83	2.73353e-05
84	2.27078e-05
85	1.72923e-05
86	2.04368e-05
87	2.30657e-05
88	3.3581e-05
89	6.56811e-05
90	3.23819e-05
91	2.62718e-05
92	2.1659e-05
93	1.88159e-05
94	1.85668e-05
95	1.91866e-05
96	1.92936e-05
97	1.83636e-05
98	1.63882e-05
99	1.34492e-05
100	1.3187e-05
101	1.22513e-05
102	1.19077e-05
103	1.15451e-05
104	1.03349e-05
105	8.09144e-06
106	9.1131e-06
107	1.00998e-05
108	9.37434e-06
109	9.51184e-06
110	9.42547e-06
111	9.11751e-06
112	8.53646e-06
113	7.72973e-06
114	6.81167e-06
115	6.20384e-06
116	7.46473e-06
117	8.28857e-06
118	1.17333e-05
119	9.08137e-06
120	1.42655e-05
121	2.96298e-05
122	2.07084e-05
123	1.95294e-05
124	1.58307e-05
125	1.39311e-05
126	1.26506e-05
127	1.143e-05
128	1.05688e-05
129	1.02178e-05
130	9.97918e-06
131	1.1022e-05
132	9.68861e-06
133	9.91563e-06
134	9.9368e-06
135	9.75566e-06
136	9.5307e-06
137	9.26398e-06
138	9.15664e-06
139	9.3128e-06
140	9.34217e-06
141	9.34923e-06
142	9.10811e-06
143	8.80121e-06
144	8.29595e-06
145	7.87502e-06
146	7.34842e-06
147	7.02604e-06
148	6.88667e-06
149	6.63366e-06
150	6.5218e-06
151	6.72594e-06
152	6.45605e-06
153	6.29187e-06
154	6.11974e-06
155	5.9779e-06
156	5.86776e-06
157	5.76781e-06
158	5.75765e-06
159	5.67065e-06
160	5.51223e-06
161	5.30626e-06
162	5.07154e-06
163	4.82575e-06
164	4.64088e-06
165	4.62188e-06
166	4.60837e-06
167	4.56614e-06
168	4.50319e-06
169	4.42062e-06
170	4.32731e-06
171	4.23338e-06
172	4.12599e-06
173	4.01885e-06
174	3.97657e-06
175	4.0261e-06
176	4.11941e-06
177	4.20147e-06
178	4.25678e-06
179	4.28817e-06
180	4.29919e-06
181	4.29164e-06
182	4.26509e-06
183	4.21876e-06
184	4.1528e-06
185	4.06746e-06
186	3.96552e-06
187	3.85486e-06
188	3.74572e-06
189	3.64669e-06
190	3.56152e-06
191	3.49019e-06
192	3.43026e-06
193	3.38001e-06
194	3.33854e-06
195	3.30607e-06
196	3.28339e-06
197	3.27162e-06
198	3.26947e-06
199	3.27245e-06
200	3.27534e-06
201	3.27376e-06
202	3.26493e-06
203	3.24811e-06
204	3.22365e-06
205	3.19226e-06
206	3.1542e-06
207	3.10958e-06
208	3.05915e-06
209	3.00333e-06
210	2.94387e-06
211	2.88262e-06
212	2.82236e-06
213	2.7651e-06
214	2.71281e-06
215	2.66628e-06
216	2.62583e-06
217	2.59126e-06
218	2.56204e-06
219	2.53801e-06
220	2.51835e-06
221	2.50249e-06
222	2.48929e-06
223	2.47752e-06
224	2.46553e-06
225	2.45199e-06
226	2.4356e-06
227	2.41544e-06
228	2.39121e-06
229	2.36252e-06
230	2.32945e-06
231	2.29212e-06
232	2.251e-06
233	2.20662e-06
234	2.15971e-06
235	2.11108e-06
236	2.06156e-06
237	2.01168e-06
238	1.9621e-06
239	1.91368e-06
240	1.86712e-06
241	1.82293e-06
242	1.7814e-06
243	1.74267e-06
244	1.70679e-06
245	1.67371e-06
246	1.6432e-06
247	1.61489e-06
248	1.58829e-06
249	1.56282e-06
250	1.53789e-06
251	1.51294e-06
252	1.48752e-06
253	1.46128e-06
254	1.43014e-06
255	1.40218e-06
256	1.37395e-06
257	1.34484e-06
258	1.31413e-06
259	1.28312e-06
260	1.25222e-06
261	1.22234e-06
262	1.19117e-06
263	1.16252e-06
264	1.13282e-06
265	1.10593e-06
266	1.07866e-06
267	1.05373e-06
268	1.02947e-06
269	1.00632e-06
270	9.85211e-07
271	9.64646e-07
272	9.44693e-07
273	9.25663e-07
274	9.07558e-07
275	8.90381e-07
276	8.74072e-07
277	8.58521e-07
278	8.43582e-07
279	8.29116e-07
280	8.15009e-07
281	8.01167e-07
282	7.87509e-07
283	7.74e-07
284	7.6059e-07
285	7.4725e-07
286	7.33945e-07
287	7.20643e-07
288	7.07325e-07
289	6.93969e-07
290	6.80564e-07
291	6.67155e-07
292	6.53755e-07
293	6.40402e-07
294	6.27136e-07
295	6.13991e-07
296	6.0102e-07
297	5.88252e-07
298	5.75732e-07
299	5.63504e-07
300	5.51609e-07
301	5.40072e-07
302	5.28924e-07
303	5.18191e-07
304	5.0787e-07
305	4.97966e-07
306	4.8848e-07
307	4.79428e-07
308	4.70776e-07
309	4.62497e-07
310	4.54559e-07
311	4.4694e-07
312	4.39601e-07
313	4.32499e-07
314	4.25595e-07
315	4.18855e-07
316	4.12241e-07
317	4.05719e-07
318	3.9925e-07
319	3.9281e-07
320	3.8637e-07
321	3.7991e-07
322	3.73419e-07
323	3.6689e-07
324	3.60315e-07
325	3.53681e-07
326	3.47022e-07
327	3.40352e-07
328	3.33681e-07
329	3.27027e-07
330	3.20413e-07
331	3.13862e-07
332	3.07393e-07
333	3.01039e-07
334	2.94816e-07
335	2.88744e-07
336	2.82843e-07
337	2.77125e-07
338	2.71595e-07
339	2.66263e-07
340	2.61133e-07
341	2.56201e-07
342	2.51463e-07
343	2.46924e-07
344	2.42563e-07
345	2.38369e-07
346	2.34331e-07
347	2.30428e-07
348	2.26644e-07
349	2.22963e-07
350	2.19363e-07
351	2.15827e-07
352	2.12337e-07
353	2.08876e-07
354	2.05431e-07
355	2.01989e-07
356	1.98543e-07
357	1.95085e-07
358	1.91612e-07
359	1.88115e-07
360	1.84598e-07
361	1.81072e-07
362	1.77541e-07
363	1.74016e-07
364	1.70504e-07
365	1.67016e-07
366	1.63563e-07
367	1.60155e-07
368	1.56804e-07
369	1.53519e-07
370	1.50313e-07
371	1.47191e-07
372	1.44159e-07
373	1.41222e-07
374	1.38383e-07
375	1.35641e-07
376	1.32998e-07
377	1.3045e-07
378	1.27996e-07
379	1.25635e-07
380	1.23357e-07
381	1.21156e-07
382	1.19024e-07
383	1.16954e-07
384	1.14938e-07
385	1.12969e-07
386	1.11038e-07
387	1.09137e-07
388	1.07171e-07
389	1.05137e-07
390	1.0328e-07
391	1.01464e-07
392	9.96774e-08
393	9.78941e-08
394	9.59534e-08
395	9.41464e-08
396	9.2352e-08
397	9.07037e-08
398	8.87666e-08
399	8.69618e-08
400	8.54276e-08
401	8.34841e-08
402	8.17156e-08
403	8.02829e-08
404	7.84091e-08
405	7.67258e-08
406	7.53766e-08
407	7.36285e-08
408	7.23398e-08
409	7.06357e-08
410	6.91229e-08
411	6.79216e-08
412	6.63698e-08
413	6.52217e-08
414	6.37344e-08
415	6.26436e-08
416	6.12221e-08
417	6.01866e-08
418	5.88421e-08
419	5.78527e-08
420	5.65966e-08
421	5.56444e-08
422	5.44831e-08
423	5.3563e-08
424	5.24844e-08
425	5.15957e-08
426	5.05802e-08
427	4.97248e-08
428	4.87992e-08
429	4.77961e-08
430	4.70123e-08
431	4.60474e-08
432	4.52981e-08
433	4.44459e-08
434	4.35127e-08
435	4.28119e-08
436	4.19416e-08
437	4.12586e-08
438	4.04856e-08
439	3.96571e-08
440	3.90079e-08
441	3.82831e-08
442	3.74525e-08
443	3.68524e-08
444	3.61686e-08
445	3.53177e-08
446	3.47653e-08
447	3.41159e-08
448	3.32639e-08
449	3.2747e-08
450	3.2133e-08
451	3.15365e-08
452	3.06853e-08
453	3.02202e-08
454	2.96503e-08
455	2.88534e-08
456	2.84129e-08
457	2.78819e-08
458	2.73686e-08
459	2.66225e-08
460	2.62195e-08
461	2.57343e-08
462	2.52672e-08
463	2.45696e-08
464	2.42119e-08
465	2.37635e-08
466	2.33332e-08
467	2.29135e-08
468	2.22454e-08
469	2.19462e-08
470	2.15345e-08
471	2.11408e-08
472	2.07582e-08
473	2.01747e-08
474	1.9909e-08
475	1.9535e-08
476	1.91798e-08
477	1.88367e-08
478	1.83709e-08
479	1.81216e-08
480	1.77904e-08
481	1.74764e-08
482	1.71742e-08
483	1.6881e-08
484	1.64669e-08
485	1.6247e-08
486	1.59549e-08
487	1.56804e-08
488	1.54206e-08
489	1.51823e-08
490	1.48135e-08
491	1.45995e-08
492	1.43512e-08
493	1.41441e-08
494	1.40069e-08
495	1.37998e-08
496	1.34886e-08
497	1.32825e-08
498	1.31548e-08
499	1.29205e-08
500	1.26776e-08
501	1.25105e-08
502	1.24408e-08
503	1.25736e-08
504	1.22373e-08
505	1.2225e-08
506	1.20479e-08
507	1.17295e-08
508	1.16604e-08
509	1.17239e-08
510	1.12242e-08
511	1.11106e-08
512	1.11826e-08
513	1.11826e-08
514	1.06298e-08
515	1.03583e-08
516	1.01936e-08
517	1.01085e-08
518	1.0482e-08
519	1.02331e-08
520	1.06651e-08
521	1.09426e-08
522	1.02266e-08
523	1.04986e-08
524	1.00205e-08
525	1.01412e-08
526	9.96336e-09
527	9.39597e-09
528	9.22558e-09
529	9.60397e-09
530	9.16701e-09
531	9.37106e-09
532	9.3404e-09
533	8.82128e-09
534	9.27714e-09
535	9.99406e-09
536	8.68426e-09
537	8.58079e-09
538	8.7211e-09
539	8.31909e-09
540	8.56606e-09
541	8.70023e-09
542	8.09939e-09
543	7.89685e-09
544	7.81431e-09
545	8.26845e-09
546	7.88961e-09
547	8.34936e-09
548	8.57459e-09
549	7.91679e-09
550	8.3491e-09
551	7.77564e-09
552	7.88103e-09
553	7.66249e-09
554	7.21851e-09
555	7.14948e-09
556	7.52088e-09
557	7.03213e-09
558	7.19372e-09
559	7.12976e-09
560	6.75529e-09
561	7.24234e-09
562	8.10477e-09
563	6.7249e-09
564	6.45173e-09
565	6.33025e-09
566	6.83369e-09
567	6.95671e-09
568	6.87549e-09
569	6.82164e-09
570	7.1723e-09
571	6.4923e-09
572	6.24106e-09
573	6.04434e-09
574	5.91304e-09
575	5.82848e-09
576	5.93122e-09
577	5.78363e-09
578	5.93266e-09
579	6.40111e-09
580	5.77577e-09
581	5.64996e-09
582	5.72394e-09
583	6.15647e-09
584	5.77962e-09
585	6.03493e-09
586	6.19542e-09
587	5.67435e-09
588	5.63226e-09
589	6.11603e-09
590	5.78395e-09
591	6.12231e-09
592	6.38377e-09
593	5.75611e-09
594	6.03963e-09
595	5.64248e-09
596	5.75523e-09
597	5.65116e-09
598	5.14949e-09
599	5.05144e-09
600	5.47254e-09
601	5.05104e-09
602	5.1943e-09
603	5.18494e-09
604	4.80822e-09
605	5.08784e-09
606	5.74445e-09
607	4.89219e-09
608	4.99286e-09
609	4.77897e-09
610	4.8347e-09
611	5.02758e-09
612	5.65699e-09
613	4.94001e-09
614	4.96271e-09
615	4.84926e-09
616	4.80549e-09
617	4.8324e-09
618	4.39871e-09
619	4.40148e-09
620	4.57919e-09
621	4.20153e-09
622	4.32685e-09
623	4.53223e-09
624	4.09136e-09
625	4.05614e-09
626	4.12657e-09
627	4.65156e-09
628	4.24122e-09
629	4.66144e-09
630	5.00623e-09
631	4.47296e-09
632	4.86146e-09
633	4.40648e-09
634	4.57615e-09
635	4.38752e-09
636	3.94264e-09
637	3.94789e-09
638	4.52191e-09
639	3.99166e-09
640	4.14621e-09
641	4.04257e-09
642	3.77565e-09
643	4.20506e-09
644	5.01897e-09
645	3.95733e-09
646	3.95986e-09
647	4.2147e-09
648	4.22223e-09
649	4.09466e-09
650	4.32931e-09
651	3.82364e-09
652	3.71899e-09
653	3.818e-09
654	4.31489e-09
655	3.8157e-09
656	4.00362e-09
657	4.3943e-09
658	3.799e-09
659	3.77964e-09
660	3.95295e-09
661	3.70653e-09
662	3.97928e-09
663	4.19536e-09
664	3.68413e-09
665	3.67599e-09
666	4.08197e-09
667	3.72244e-09
668	3.96444e-09
669	3.9701e-09
670	3.50781e-09
671	3.7789e-09
672	4.4421e-09
673	3.69729e-09
674	3.91792e-09
675	3.82874e-09
676	3.73672e-09
677	3.90168e-09
678	4.38988e-09
679	3.76514e-09
680	3.89424e-09
681	3.82375e-09
682	3.71329e-09
683	3.84547e-09
684	3.36079e-09
685	3.27447e-09
686	3.41794e-09
687	3.75434e-09
688	3.26709e-09
689	3.45104e-09
690	3.73054e-09
691	3.28616e-09
692	3.28746e-09
693	3.55637e-09
694	3.25959e-09
695	3.5469e-09
696	3.82473e-09
697	3.3158e-09
698	3.59133e-09
699	4.22171e-09
700	3.48848e-09
701	3.71257e-09
702	3.5199e-09
703	3.54672e-09
704	3.81681e-09
705	3.2923e-09
706	3.18912e-09
707	3.20167e-09
708	3.52512e-09
709	3.18968e-09
710	3.54625e-09
711	3.83801e-09
712	3.35151e-09
713	3.82493e-09
714	4.8026e-09
715	3.74281e-09
716	3.95662e-09
717	3.6379e-09
718	3.86274e-09
719	3.92361e-09
720	3.4377e-09
721	3.44624e-09
722	3.86689e-09
723	3.50374e-09
724	3.79748e-09
725	3.85534e-09
726	3.36296e-09
727	3.81074e-09
728	4.71101e-09
729	3.5424e-09
730	3.58271e-09
731	3.91032e-09
732	3.81257e-09
733	3.76679e-09
734	4.0339e-09
735	3.44027e-09
736	3.23889e-09
737	3.18063e-09
738	3.37426e-09
739	3.13279e-09
740	3.43365e-09
741	3.71068e-09
742	3.11094e-09
743	3.27064e-09
744	3.85453e-09
745	3.3604e-09
746	3.67233e-09
747	3.68457e-09
748	3.32032e-09
749	3.37207e-09
750	3.82929e-09
751	3.33198e-09
752	3.58218e-09
753	3.59467e-09
754	3.26549e-09
755	3.88093e-09
756	4.82077e-09
757	3.41575e-09
758	3.21735e-09
759	3.31223e-09
760	4.20583e-09
761	3.992e-09
762	3.73103e-09
763	4.16852e-09
764	4.47568e-09
765	3.76418e-09
766	3.586e-09
767	4.14288e-09
768	3.83224e-09
769	4.26498e-09
770	4.53981e-09
771	3.8576e-09
772	4.24605e-09
773	3.90726e-09
774	4.12805e-09
775	4.26955e-09
776	3.60825e-09
777	3.46247e-09
778	3.40475e-09
779	4.11537e-09
780	3.7235e-09
781	3.4799e-09
782	3.81209e-09
783	4.10004e-09
784	3.57473e-09
785	3.80781e-09
786	4.34305e-09
787	3.66535e-09
788	3.89017e-09
789	3.71487e-09
790	3.57046e-09
791	3.66604e-09
792	4.36967e-09
793	3.77525e-09
794	3.93244e-09
795	3.96795e-09
796	3.73486e-09
797	4.39752e-09
798	5.19046e-09
799	3.80953e-09
800	3.82781e-09
801	4.53482e-09
802	4.38702e-09
803	4.09719e-09
804	4.47591e-09
805	4.74295e-09
806	4.0281e-09
807	3.82254e-09
808	3.77462e-09
809	4.35408e-09
810	4.0415e-09
811	3.8653e-09
812	4.14318e-09
813	4.34574e-09
814	3.78342e-09
815	3.93359e-09
816	4.36386e-09
817	3.80685e-09
818	4.01152e-09
819	3.84875e-09
820	3.63011e-09
821	3.68238e-09
822	4.22406e-09
823	3.71842e-09
824	3.88037e-09
825	3.8505e-09
826	3.59641e-09
827	4.15358e-09
828	5.06844e-09
829	3.73255e-09
830	3.62508e-09
831	4.30031e-09
832	4.30767e-09
833	4.09191e-09
834	4.29551e-09
835	4.6202e-09
836	3.91577e-09
837	3.66208e-09
838	3.5712e-09
839	3.9553e-09
840	3.7418e-09
841	4.21005e-09
842	4.6715e-09
843	3.94335e-09
844	4.53997e-09
845	4.16871e-09
846	4.39122e-09
847	4.40427e-09
848	3.79261e-09
849	3.64442e-09
850	3.56182e-09
851	4.31864e-09
852	3.93965e-09
853	3.71743e-09
854	4.09588e-09
855	4.39504e-09
856	3.8082e-09
857	4.07045e-09
858	4.57237e-09
859	3.77599e-09
860	3.98766e-09
861	3.73269e-09
862	3.75067e-09
863	3.87155e-09
864	4.69368e-09
865	3.96668e-09
866	4.0429e-09
867	3.90878e-09
868	3.84344e-09
869	3.91769e-09
870	3.34227e-09
871	3.15515e-09
872	3.14408e-09
873	3.5637e-09
874	4.19516e-09
875	3.27737e-09
876	3.52805e-09
877	3.54982e-09
878	3.76258e-09
879	4.10306e-09
880	3.55457e-09
881	3.41881e-09
882	3.4054e-09
883	3.74499e-09
884	3.4565e-09
885	3.93306e-09
886	4.30477e-09
887	3.66897e-09
888	4.32969e-09
889	3.87925e-09
890	4.05558e-09
891	3.96513e-09
892	3.48416e-09
893	3.41237e-09
894	3.69447e-09
895	3.29382e-09
896	3.5284e-09
897	3.60461e-09
898	3.19805e-09
899	3.65916e-09
900	4.6706e-09
901	3.38147e-09
902	3.28714e-09
903	3.3751e-09
904	3.74717e-09
905	3.84781e-09
906	3.47112e-09
907	3.53498e-09
908	4.56923e-09
909	3.97627e-09
910	4.22323e-09
911	4.11302e-09
912	3.7911e-09
913	3.92868e-09
914	3.28174e-09
915	3.23229e-09
916	3.34139e-09
917	3.31572e-09
918	2.83815e-09
919	2.70907e-09
920	2.66064e-09
921	2.72067e-09
922	3.71671e-09
923	3.325e-09
924	4.06735e-09
925	4.6108e-09
926	4.01957e-09
927	4.84352e-09
928	3.98844e-09
929	4.14797e-09
930	3.88948e-09
931	3.75693e-09
932	3.8293e-09
933	4.50318e-09
934	3.80579e-09
935	3.92415e-09
936	3.78401e-09
937	3.6205e-09
938	3.80579e-09
939	3.1777e-09
940	2.99438e-09
941	2.89255e-09
942	2.88526e-09
943	3.02452e-09
944	3.26951e-09
945	2.79999e-09
946	2.71532e-09
947	2.71288e-09
948	2.81653e-09
949	3.65237e-09
950	3.28511e-09
951	3.87577e-09
952	4.2897e-09
953	3.68571e-09
954	4.28879e-09
955	3.71713e-09
956	3.91434e-09
957	3.81488e-09
958	3.48188e-09
959	3.53334e-09
960	4.17529e-09
961	3.5896e-09
962	3.77162e-09
963	3.63713e-09
964	3.3848e-09
965	3.98196e-09
966	5.03588e-09
967	3.63063e-09
968	3.48262e-09
969	4.25402e-09
970	4.28288e-09
971	3.9695e-09
972	4.10168e-09
973	4.39249e-09
974	3.68745e-09
975	3.47344e-09
976	3.4075e-09
977	3.97341e-09
978	3.69336e-09
979	4.09755e-09
980	4.51873e-09
981	3.83596e-09
982	4.22246e-09
983	5.10616e-09
984	4.2252e-09
985	4.57815e-09
986	4.52278e-09
987	4.46881e-09
988	4.68725e-09
989	4.04097e-09
990	3.88127e-09
991	3.89244e-09
992	4.26064e-09
993	3.89029e-09
994	3.96551e-09
995	3.92894e-09
996	4.36166e-09
997	4.78509e-09
998	3.78269e-09
999	3.65695e-09
1000	4.29626e-09
