1	0.0147328
2	0.0316915
3	0.0200705
4	0.0138626
5	0.00811342
6	0.00548983
7	0.00444048
8	0.00450647
9	0.00486104
10	0.00429023
11	0.00309568
12	0.00238315
13	0.00223453
14	0.00213766
15	0.00214718
16	0.00212847
17	0.0017064
18	0.00144128
19	0.00139855
20	0.0013645
21	0.00129778
22	0.00122505
23	0.00106426
24	0.00098303
25	0.000958472
26	0.000907596
27	0.000835001
28	0.000769687
29	0.000693298
30	0.000624082
31	0.000583494
32	0.000534536
33	0.000476544
34	0.000413625
35	0.000356486
36	0.000307998
37	0.000265679
38	0.000228466
39	0.000194563
40	0.000162533
41	0.000132891
42	0.000106104
43	8.73152e-05
44	7.18444e-05
45	5.94399e-05
46	5.58449e-05
47	6.75196e-05
48	7.39088e-05
49	5.75809e-05
50	4.57751e-05
51	3.51145e-05
52	3.27749e-05
53	3.0666e-05
54	2.67941e-05
55	2.40961e-05
56	3.62228e-06
57	3.20341e-06
58	2.74961e-06
59	2.33946e-06
60	2.07188e-06
61	1.90588e-06
62	1.8258e-06
63	1.78531e-06
64	1.68166e-06
65	9.19232e-06
66	8.34516e-06
67	7.52805e-06
68	7.07095e-06
69	7.10802e-06
70	6.98329e-06
71	6.50503e-06
72	5.80687e-06
73	5.00028e-06
74	4.35637e-06
75	4.28538e-06
76	4.2893e-06
77	4.16642e-06
78	3.82054e-06
79	3.38712e-06
80	2.91707e-06
81	2.59535e-06
82	2.55354e-06
83	2.49347e-06
84	2.39039e-06
85	2.18812e-06
86	2.28764e-06
87	2.725e-06
88	3.36765e-06
89	5.64079e-06
90	6.64851e-06
91	6.68968e-06
92	5.51393e-06
93	4.76282e-06
94	4.48761e-06
95	4.5006e-06
96	4.36792e-06
97	4.08477e-06
98	3.72746e-06
99	3.64457e-06
100	3.48581e-06
101	3.17307e-06
102	2.82502e-06
103	2.57042e-06
104	2.40555e-06
105	2.27152e-06
106	1.99169e-06
107	1.72848e-06
108	1.59587e-06
109	1.53806e-06
110	9.33859e-06
111	9.88462e-06
112	1.46018e-06
113	8.91244e-06
114	8.58819e-06
115	8.86369e-06
116	9.63606e-06
117	1.39352e-06
118	9.7101e-06
119	1.76268e-06
120	1.69035e-06
121	2.61388e-06
122	4.12396e-06
123	4.91471e-06
124	4.66335e-06
125	4.47643e-06
126	4.28381e-06
127	3.89785e-06
128	3.49348e-06
129	3.23256e-06
130	3.0171e-06
131	2.66495e-06
132	2.42716e-06
133	2.23779e-06
134	2.07241e-06
135	1.87184e-06
136	9.60144e-06
137	1.77224e-06
138	9.15355e-06
139	9.90191e-06
140	1.81992e-06
141	9.40221e-06
142	9.41696e-06
143	9.71016e-06
144	9.67335e-06
145	9.78596e-06
146	9.84716e-06
147	1.59025e-06
148	7.92054e-06
149	7.18341e-06
150	7.40851e-06
151	7.80758e-06
152	8.52859e-06
153	8.96228e-06
154	8.99577e-06
155	8.74847e-06
156	8.38777e-06
157	8.01466e-06
158	8.05326e-06
159	7.98357e-06
160	7.81707e-06
161	7.59406e-06
162	7.3705e-06
163	7.18502e-06
164	7.05306e-06
165	6.9626e-06
166	6.8927e-06
167	6.84588e-06
168	6.81462e-06
169	6.78205e-06
170	6.73256e-06
171	6.65976e-06
172	6.56968e-06
173	6.46992e-06
174	6.37122e-06
175	6.27945e-06
176	6.19576e-06
177	6.11811e-06
178	6.04796e-06
179	5.98684e-06
180	5.93402e-06
181	5.8851e-06
182	5.83512e-06
183	5.78015e-06
184	5.71572e-06
185	5.64179e-06
186	5.55791e-06
187	5.46596e-06
188	5.37071e-06
189	5.27813e-06
190	5.19271e-06
191	5.11686e-06
192	5.05223e-06
193	4.99894e-06
194	4.95435e-06
195	4.91714e-06
196	4.88508e-06
197	4.85554e-06
198	4.82564e-06
199	4.79409e-06
200	4.75906e-06
201	4.72022e-06
202	4.67845e-06
203	4.63442e-06
204	4.58925e-06
205	4.54344e-06
206	4.49661e-06
207	4.4487e-06
208	4.39918e-06
209	4.34737e-06
210	4.29321e-06
211	4.23668e-06
212	4.17806e-06
213	4.1183e-06
214	4.05821e-06
215	3.99899e-06
216	3.94097e-06
217	3.88439e-06
218	3.82939e-06
219	3.77581e-06
220	3.7235e-06
221	3.67269e-06
222	3.62347e-06
223	3.57579e-06
224	3.52927e-06
225	3.48415e-06
226	3.44071e-06
227	3.39887e-06
228	3.35929e-06
229	3.32193e-06
230	3.2875e-06
231	3.25583e-06
232	3.22729e-06
233	3.20156e-06
234	3.17866e-06
235	3.1579e-06
236	3.13929e-06
237	3.12295e-06
238	3.10815e-06
239	3.09411e-06
240	3.08053e-06
241	3.06674e-06
242	3.0525e-06
243	3.03749e-06
244	3.02187e-06
245	3.00551e-06
246	2.98854e-06
247	2.97074e-06
248	2.95211e-06
249	2.93257e-06
250	2.91205e-06
251	2.89047e-06
252	2.86788e-06
253	2.84441e-06
254	2.81091e-06
255	2.79046e-06
256	2.76999e-06
257	2.74817e-06
258	2.7151e-06
259	2.69404e-06
260	2.67196e-06
261	2.63911e-06
262	2.61799e-06
263	2.58658e-06
264	2.5675e-06
265	2.53744e-06
266	2.51954e-06
267	2.49007e-06
268	2.46216e-06
269	2.4364e-06
270	2.42447e-06
271	2.39865e-06
272	2.37339e-06
273	2.34924e-06
274	2.32635e-06
275	2.30467e-06
276	2.28393e-06
277	2.26379e-06
278	2.24391e-06
279	2.224e-06
280	2.20389e-06
281	2.18358e-06
282	2.1631e-06
283	2.14257e-06
284	2.12211e-06
285	2.10181e-06
286	2.08173e-06
287	2.06186e-06
288	2.04216e-06
289	2.02257e-06
290	2.00305e-06
291	1.98355e-06
292	1.96405e-06
293	1.94455e-06
294	1.92503e-06
295	1.9055e-06
296	1.886e-06
297	1.86652e-06
298	1.84707e-06
299	1.82768e-06
300	1.80833e-06
301	1.78904e-06
302	1.7698e-06
303	1.75064e-06
304	1.73153e-06
305	1.71251e-06
306	1.69357e-06
307	1.67473e-06
308	1.65598e-06
309	1.63732e-06
310	1.61874e-06
311	1.60023e-06
312	1.58179e-06
313	1.56341e-06
314	1.5451e-06
315	1.52684e-06
316	1.50865e-06
317	1.4905e-06
318	1.47241e-06
319	1.45437e-06
320	1.43638e-06
321	1.41845e-06
322	1.40057e-06
323	1.38276e-06
324	1.365e-06
325	1.34731e-06
326	1.32967e-06
327	1.31211e-06
328	1.29463e-06
329	1.27722e-06
330	1.2599e-06
331	1.24267e-06
332	1.22552e-06
333	1.20847e-06
334	1.19152e-06
335	1.17467e-06
336	1.15794e-06
337	1.14132e-06
338	1.12482e-06
339	1.10845e-06
340	1.0922e-06
341	1.07608e-06
342	1.0601e-06
343	1.04425e-06
344	1.02854e-06
345	1.01297e-06
346	9.97533e-07
347	9.82242e-07
348	9.67091e-07
349	9.52085e-07
350	9.37224e-07
351	9.2251e-07
352	9.07944e-07
353	8.93528e-07
354	8.79265e-07
355	8.65156e-07
356	8.51204e-07
357	8.3741e-07
358	8.23776e-07
359	8.10302e-07
360	7.9699e-07
361	7.83842e-07
362	7.70858e-07
363	7.5804e-07
364	7.45388e-07
365	7.32902e-07
366	7.20582e-07
367	7.08429e-07
368	6.96445e-07
369	6.8463e-07
370	6.72983e-07
371	6.61505e-07
372	6.50195e-07
373	6.39051e-07
374	6.28074e-07
375	6.17262e-07
376	6.06614e-07
377	5.96127e-07
378	5.85801e-07
379	5.75635e-07
380	5.65625e-07
381	5.55769e-07
382	5.46067e-07
383	5.36516e-07
384	5.27114e-07
385	5.1786e-07
386	5.08753e-07
387	4.9979e-07
388	4.88149e-07
389	4.80049e-07
390	4.72548e-07
391	4.65317e-07
392	4.5805e-07
393	4.47342e-07
394	4.40253e-07
395	4.33259e-07
396	4.26149e-07
397	4.16152e-07
398	4.09234e-07
399	4.02579e-07
400	3.93106e-07
401	3.87056e-07
402	3.81308e-07
403	3.72321e-07
404	3.67003e-07
405	3.61739e-07
406	3.53204e-07
407	3.47949e-07
408	3.39726e-07
409	3.34809e-07
410	3.30015e-07
411	3.22211e-07
412	3.17501e-07
413	3.09983e-07
414	3.05611e-07
415	2.98368e-07
416	2.94462e-07
417	2.87482e-07
418	2.84028e-07
419	2.77296e-07
420	2.74129e-07
421	2.67629e-07
422	2.64531e-07
423	2.58253e-07
424	2.55074e-07
425	2.49015e-07
426	2.45747e-07
427	2.39906e-07
428	2.34135e-07
429	2.31293e-07
430	2.25792e-07
431	2.2346e-07
432	2.18149e-07
433	2.12887e-07
434	2.11265e-07
435	2.06247e-07
436	2.04703e-07
437	1.99845e-07
438	1.95033e-07
439	1.93312e-07
440	1.88717e-07
441	1.84171e-07
442	1.8247e-07
443	1.78135e-07
444	1.7384e-07
445	1.72476e-07
446	1.68383e-07
447	1.64318e-07
448	1.63388e-07
449	1.59518e-07
450	1.55672e-07
451	1.51913e-07
452	1.51599e-07
453	1.4802e-07
454	1.44457e-07
455	1.44254e-07
456	1.40858e-07
457	1.37482e-07
458	1.34181e-07
459	1.33776e-07
460	1.30631e-07
461	1.27506e-07
462	1.24451e-07
463	1.24116e-07
464	1.21207e-07
465	1.18308e-07
466	1.15475e-07
467	1.12702e-07
468	1.13039e-07
469	1.10403e-07
470	1.0776e-07
471	1.05181e-07
472	1.02655e-07
473	1.03707e-07
474	1.013e-07
475	9.88803e-08
476	9.65209e-08
477	9.42126e-08
478	9.50878e-08
479	9.28794e-08
480	9.06702e-08
481	8.85161e-08
482	8.64081e-08
483	8.43472e-08
484	8.45254e-08
485	8.25524e-08
486	8.05828e-08
487	7.86621e-08
488	7.67858e-08
489	7.49556e-08
490	7.51091e-08
491	7.3332e-08
492	7.15619e-08
493	6.98608e-08
494	6.82243e-08
495	6.91696e-08
496	6.7468e-08
497	6.57933e-08
498	6.42494e-08
499	6.51316e-08
500	6.34668e-08
501	6.19106e-08
502	6.04595e-08
503	6.186e-08
504	6.02912e-08
505	5.88198e-08
506	5.92369e-08
507	5.75776e-08
508	5.61609e-08
509	5.69977e-08
510	5.5482e-08
511	5.40536e-08
512	5.28667e-08
513	5.31572e-08
514	5.15603e-08
515	5.01505e-08
516	4.88547e-08
517	4.76957e-08
518	4.85567e-08
519	4.73734e-08
520	4.63965e-08
521	4.81079e-08
522	4.62816e-08
523	4.74652e-08
524	4.6205e-08
525	4.49496e-08
526	4.56865e-08
527	4.399e-08
528	4.27022e-08
529	4.39458e-08
530	4.26692e-08
531	4.16236e-08
532	4.17982e-08
533	4.02198e-08
534	3.92406e-08
535	4.15586e-08
536	4.00825e-08
537	3.87616e-08
538	3.78389e-08
539	3.76618e-08
540	3.64092e-08
541	3.82378e-08
542	3.6786e-08
543	3.56507e-08
544	3.47031e-08
545	3.54585e-08
546	3.45175e-08
547	3.37962e-08
548	3.50675e-08
549	3.34263e-08
550	3.50866e-08
551	3.3947e-08
552	3.28909e-08
553	3.30456e-08
554	3.16273e-08
555	3.06667e-08
556	3.16233e-08
557	3.05615e-08
558	2.96889e-08
559	2.98832e-08
560	2.86191e-08
561	2.7894e-08
562	3.0709e-08
563	2.94022e-08
564	2.83271e-08
565	2.74391e-08
566	2.70126e-08
567	2.63082e-08
568	2.85863e-08
569	2.73009e-08
570	2.92802e-08
571	2.81558e-08
572	2.72024e-08
573	2.63726e-08
574	2.56443e-08
575	2.5012e-08
576	2.48386e-08
577	2.39857e-08
578	2.32963e-08
579	2.58608e-08
580	2.48178e-08
581	2.39595e-08
582	2.32829e-08
583	2.3528e-08
584	2.28311e-08
585	2.22047e-08
586	2.32408e-08
587	2.20717e-08
588	2.12816e-08
589	2.26022e-08
590	2.18123e-08
591	2.12285e-08
592	2.21983e-08
593	2.10036e-08
594	2.18511e-08
595	2.10329e-08
596	2.0271e-08
597	2.08309e-08
598	1.97548e-08
599	1.90226e-08
600	2.02496e-08
601	1.94621e-08
602	1.88852e-08
603	1.87428e-08
604	1.7766e-08
605	1.72273e-08
606	1.87389e-08
607	1.78864e-08
608	1.71363e-08
609	1.69963e-08
610	1.61651e-08
611	1.57145e-08
612	1.78739e-08
613	1.69188e-08
614	1.61738e-08
615	1.62425e-08
616	1.54835e-08
617	1.6706e-08
618	1.58394e-08
619	1.5203e-08
620	1.52679e-08
621	1.46715e-08
622	1.4158e-08
623	1.46604e-08
624	1.3796e-08
625	1.32339e-08
626	1.27997e-08
627	1.42028e-08
628	1.3553e-08
629	1.31495e-08
630	1.47784e-08
631	1.37105e-08
632	1.49309e-08
633	1.42722e-08
634	1.36572e-08
635	1.31779e-08
636	1.22124e-08
637	1.16556e-08
638	1.30675e-08
639	1.23335e-08
640	1.1823e-08
641	1.20809e-08
642	1.12813e-08
643	1.09324e-08
644	1.36505e-08
645	1.28022e-08
646	1.20899e-08
647	1.17866e-08
648	1.27384e-08
649	1.1884e-08
650	1.3095e-08
651	1.22973e-08
652	1.16976e-08
653	1.12476e-08
654	1.13046e-08
655	1.07599e-08
656	1.04067e-08
657	1.16932e-08
658	1.09032e-08
659	1.03439e-08
660	1.0508e-08
661	1.00263e-08
662	9.67863e-09
663	1.08104e-08
664	9.9865e-09
665	9.47585e-09
666	1.11745e-08
667	1.06556e-08
668	1.03233e-08
669	1.07224e-08
670	9.91869e-09
671	9.56483e-09
672	1.11113e-08
673	1.04507e-08
674	9.93669e-09
675	1.03576e-08
676	9.60895e-09
677	9.26014e-09
678	1.13935e-08
679	1.06713e-08
680	1.01337e-08
681	1.01657e-08
682	9.48017e-09
683	1.0543e-08
684	9.81372e-09
685	9.26242e-09
686	8.87292e-09
687	9.02682e-09
688	8.55531e-09
689	8.16086e-09
690	9.68159e-09
691	8.88072e-09
692	8.44358e-09
693	9.34952e-09
694	8.83342e-09
695	8.51292e-09
696	9.65015e-09
697	8.82555e-09
698	8.45487e-09
699	1.05024e-08
700	9.862e-09
701	9.34518e-09
702	8.94648e-09
703	8.21734e-09
704	9.96221e-09
705	9.18813e-09
706	8.69247e-09
707	8.30066e-09
708	8.9042e-09
709	8.49609e-09
710	8.25966e-09
711	9.27234e-09
712	8.35238e-09
713	8.02109e-09
714	1.11889e-08
715	1.04275e-08
716	9.79493e-09
717	9.30032e-09
718	8.63658e-09
719	1.01165e-08
720	9.22613e-09
721	8.72795e-09
722	9.57322e-09
723	9.10378e-09
724	8.78012e-09
725	9.20493e-09
726	8.25318e-09
727	7.9212e-09
728	1.09854e-08
729	1.01619e-08
730	9.47457e-09
731	9.22589e-09
732	9.75083e-09
733	8.90686e-09
734	1.05984e-08
735	9.75049e-09
736	9.14817e-09
737	8.68011e-09
738	8.58075e-09
739	8.15902e-09
740	7.89524e-09
741	9.20438e-09
742	8.334e-09
743	7.8337e-09
744	9.46225e-09
745	8.90595e-09
746	8.4892e-09
747	9.02959e-09
748	8.12375e-09
749	7.6877e-09
750	9.23431e-09
751	8.61067e-09
752	8.19054e-09
753	8.67817e-09
754	7.80154e-09
755	7.50135e-09
756	1.08019e-08
757	9.81623e-09
758	9.12437e-09
759	8.62061e-09
760	8.95998e-09
761	8.68199e-09
762	1.01332e-08
763	9.25582e-09
764	1.1913e-08
765	1.08981e-08
766	1.02736e-08
767	1.04328e-08
768	9.98004e-09
769	9.75057e-09
770	1.09243e-08
771	9.83761e-09
772	1.1177e-08
773	1.05891e-08
774	1.00613e-08
775	1.10152e-08
776	1.00165e-08
777	9.38353e-09
778	8.93112e-09
779	1.01828e-08
780	9.60023e-09
781	9.90065e-09
782	9.35298e-09
783	1.11748e-08
784	1.03316e-08
785	9.86738e-09
786	1.07365e-08
787	1.01597e-08
788	9.66286e-09
789	1.00532e-08
790	9.18739e-09
791	8.78956e-09
792	1.14482e-08
793	1.07367e-08
794	1.02392e-08
795	1.03298e-08
796	9.56642e-09
797	9.3155e-09
798	1.21066e-08
799	1.10306e-08
800	1.03674e-08
801	1.08776e-08
802	1.05492e-08
803	1.13008e-08
804	1.04341e-08
805	1.27391e-08
806	1.1721e-08
807	1.11031e-08
808	1.0632e-08
809	1.07699e-08
810	1.03449e-08
811	1.06161e-08
812	9.98669e-09
813	1.19708e-08
814	1.10927e-08
815	1.05755e-08
816	1.13548e-08
817	1.08103e-08
818	1.03529e-08
819	1.0531e-08
820	9.65856e-09
821	9.21759e-09
822	1.14444e-08
823	1.07602e-08
824	1.0268e-08
825	1.03579e-08
826	9.54103e-09
827	9.25629e-09
828	1.20732e-08
829	1.10756e-08
830	1.04194e-08
831	1.06418e-08
832	1.0293e-08
833	1.15634e-08
834	1.06428e-08
835	1.28816e-08
836	1.19589e-08
837	1.13463e-08
838	1.08461e-08
839	1.06973e-08
840	1.0293e-08
841	1.00669e-08
842	1.23251e-08
843	1.11882e-08
844	1.27197e-08
845	1.21743e-08
846	1.16138e-08
847	1.16526e-08
848	1.06436e-08
849	1.00087e-08
850	9.51746e-09
851	1.08017e-08
852	1.02074e-08
853	1.05547e-08
854	9.98555e-09
855	1.18618e-08
856	1.09349e-08
857	1.04841e-08
858	1.1281e-08
859	1.06272e-08
860	1.00736e-08
861	1.00415e-08
862	9.22467e-09
863	8.84819e-09
864	1.19519e-08
865	1.11533e-08
866	1.05614e-08
867	1.01186e-08
868	9.42096e-09
869	1.01671e-08
870	9.38657e-09
871	8.78644e-09
872	8.34415e-09
873	8.20226e-09
874	9.86836e-09
875	9.24294e-09
876	8.67271e-09
877	9.65985e-09
878	8.90661e-09
879	1.10308e-08
880	1.01913e-08
881	9.64276e-09
882	9.26965e-09
883	9.15061e-09
884	8.76969e-09
885	8.57475e-09
886	1.04235e-08
887	9.32227e-09
888	1.13348e-08
889	1.07417e-08
890	1.02057e-08
891	1.0105e-08
892	9.16143e-09
893	8.64369e-09
894	9.30296e-09
895	8.71043e-09
896	8.31142e-09
897	9.11992e-09
898	8.24142e-09
899	7.92732e-09
900	1.07128e-08
901	9.86911e-09
902	9.20734e-09
903	8.84052e-09
904	8.59321e-09
905	9.72748e-09
906	8.68809e-09
907	8.23633e-09
908	1.15879e-08
909	1.08826e-08
910	1.04302e-08
911	1.00606e-08
912	9.14984e-09
913	9.70584e-09
914	9.00012e-09
915	8.31753e-09
916	8.02169e-09
917	8.74685e-09
918	7.93414e-09
919	7.4056e-09
920	6.99453e-09
921	6.73791e-09
922	8.98408e-09
923	8.44629e-09
924	8.28657e-09
925	1.0978e-08
926	9.8088e-09
927	1.19708e-08
928	1.12902e-08
929	1.06934e-08
930	1.0017e-08
931	9.09554e-09
932	8.68542e-09
933	1.10377e-08
934	1.02364e-08
935	9.66425e-09
936	9.88343e-09
937	9.11976e-09
938	1.02718e-08
939	9.54884e-09
940	8.96421e-09
941	8.53014e-09
942	8.20398e-09
943	7.99023e-09
944	8.58886e-09
945	7.85721e-09
946	7.41607e-09
947	7.09175e-09
948	6.87113e-09
949	9.36671e-09
950	8.88449e-09
951	8.70317e-09
952	1.06158e-08
953	9.59428e-09
954	1.13307e-08
955	1.07622e-08
956	1.02693e-08
957	9.813e-09
958	8.91595e-09
959	8.49073e-09
960	1.00024e-08
961	9.32478e-09
962	8.86494e-09
963	9.41372e-09
964	8.64323e-09
965	8.41576e-09
966	1.18214e-08
967	1.08647e-08
968	1.02274e-08
969	1.01092e-08
970	9.78561e-09
971	1.05171e-08
972	9.5983e-09
973	1.16333e-08
974	1.07731e-08
975	1.01878e-08
976	9.71004e-09
977	9.89307e-09
978	9.4825e-09
979	9.26314e-09
980	1.12007e-08
981	1.02405e-08
982	9.79805e-09
983	1.24229e-08
984	1.17176e-08
985	1.11471e-08
986	1.17474e-08
987	1.08573e-08
988	1.23024e-08
989	1.14256e-08
990	1.08084e-08
991	1.03595e-08
992	1.00849e-08
993	9.61663e-09
994	1.08489e-08
995	1.0206e-08
996	9.93957e-09
997	1.20015e-08
998	1.11008e-08
999	1.04691e-08
1000	1.05829e-08
