1	1
2	0.15657
3	0.0413568
4	0.0228946
5	0.0215295
6	0.0274072
7	0.0358953
8	0.0426178
9	0.0424916
10	0.0376312
11	0.0340952
12	0.034551
13	0.0363077
14	0.0383294
15	0.0387245
16	0.038305
17	0.0383289
18	0.0384861
19	0.0389222
20	0.0387783
21	0.0389205
22	0.0393679
23	0.0393972
24	0.0389678
25	0.0383175
26	0.0374253
27	0.0362375
28	0.0349098
29	0.0332236
30	0.0311425
31	0.0288727
32	0.0264311
33	0.0238566
34	0.0212188
35	0.0186161
36	0.0161216
37	0.0137865
38	0.011677
39	0.00983554
40	0.00821574
41	0.0067499
42	0.00545511
43	0.00438227
44	0.00353597
45	0.00294339
46	0.00289108
47	0.00414187
48	0.00312765
49	0.00159515
50	0.00110556
51	0.000827268
52	0.000680524
53	0.000548831
54	0.000447384
55	0.000361937
56	0.00028799
57	0.000237282
58	0.000204246
59	0.000182896
60	0.000167532
61	0.000147775
62	0.000128621
63	0.000117177
64	0.000113529
65	0.000110413
66	0.000102585
67	8.89176e-05
68	8.23554e-05
69	8.4383e-05
70	8.18474e-05
71	7.56492e-05
72	7.00085e-05
73	6.14951e-05
74	5.41522e-05
75	5.31076e-05
76	5.41158e-05
77	5.37903e-05
78	4.99158e-05
79	4.48842e-05
80	3.88453e-05
81	3.45227e-05
82	3.35754e-05
83	3.56213e-05
84	3.45223e-05
85	3.78683e-05
86	5.77823e-05
87	7.44131e-05
88	0.00011118
89	0.000185573
90	0.000118406
91	8.18713e-05
92	6.09815e-05
93	5.46271e-05
94	4.95566e-05
95	4.64602e-05
96	4.4247e-05
97	4.29139e-05
98	3.88901e-05
99	3.60146e-05
100	3.42769e-05
101	3.04098e-05
102	2.61679e-05
103	2.46672e-05
104	2.3842e-05
105	2.35112e-05
106	1.94971e-05
107	1.61354e-05
108	1.44043e-05
109	1.41059e-05
110	1.28895e-05
111	1.12715e-05
112	1.01705e-05
113	9.85549e-06
114	1.14512e-05
115	1.03089e-05
116	1.00001e-05
117	1.17294e-05
118	2.4775e-05
119	2.21973e-05
120	4.23238e-05
121	0.000122732
122	8.75052e-05
123	8.62436e-05
124	5.97761e-05
125	4.45918e-05
126	4.13718e-05
127	3.86889e-05
128	3.40956e-05
129	3.1466e-05
130	2.9623e-05
131	2.71985e-05
132	2.31264e-05
133	2.12981e-05
134	1.9184e-05
135	1.71689e-05
136	1.56794e-05
137	1.3845e-05
138	1.31416e-05
139	1.29441e-05
140	1.19644e-05
141	1.16071e-05
142	1.06581e-05
143	9.78767e-06
144	1.1136e-05
145	9.72927e-06
146	1.03804e-05
147	8.67021e-06
148	9.92044e-06
149	1.12419e-05
150	9.45364e-06
151	1.09193e-05
152	8.98905e-06
153	8.72251e-06
154	8.85383e-06
155	9.1905e-06
156	9.7715e-06
157	1.03859e-05
158	7.9014e-06
159	7.44735e-06
160	7.50971e-06
161	7.80454e-06
162	8.26275e-06
163	8.78353e-06
164	9.19378e-06
165	9.36116e-06
166	9.26423e-06
167	9.00574e-06
168	8.70447e-06
169	8.44479e-06
170	8.26429e-06
171	8.16491e-06
172	8.12962e-06
173	8.13639e-06
174	8.16124e-06
175	8.18344e-06
176	8.18714e-06
177	8.16801e-06
178	8.13387e-06
179	8.09824e-06
180	8.07274e-06
181	8.06018e-06
182	8.06039e-06
183	8.0671e-06
184	8.0742e-06
185	8.07586e-06
186	8.06741e-06
187	8.04718e-06
188	8.01839e-06
189	7.98436e-06
190	7.95179e-06
191	7.92346e-06
192	7.90258e-06
193	7.88934e-06
194	7.88191e-06
195	7.87828e-06
196	7.87655e-06
197	7.87397e-06
198	7.86757e-06
199	7.85512e-06
200	7.83539e-06
201	7.80866e-06
202	7.77638e-06
203	7.74002e-06
204	7.70197e-06
205	7.66286e-06
206	7.62276e-06
207	7.58123e-06
208	7.53784e-06
209	7.49149e-06
210	7.44204e-06
211	7.39001e-06
212	7.33525e-06
213	7.27882e-06
214	7.22208e-06
215	7.16546e-06
216	7.11105e-06
217	7.05931e-06
218	7.01072e-06
219	6.96535e-06
220	6.92301e-06
221	6.88397e-06
222	6.84849e-06
223	6.81619e-06
224	6.7873e-06
225	6.7615e-06
226	6.73863e-06
227	6.71932e-06
228	6.7032e-06
229	6.69038e-06
230	6.68061e-06
231	6.6733e-06
232	6.66827e-06
233	6.66426e-06
234	6.66037e-06
235	6.65575e-06
236	6.64931e-06
237	6.64104e-06
238	6.63052e-06
239	6.61719e-06
240	6.60021e-06
241	6.57912e-06
242	6.55403e-06
243	6.5254e-06
244	6.49359e-06
245	6.45917e-06
246	6.42246e-06
247	6.38351e-06
248	6.34257e-06
249	6.2997e-06
250	6.25479e-06
251	6.20799e-06
252	6.15956e-06
253	6.10967e-06
254	6.04047e-06
255	5.99535e-06
256	5.95211e-06
257	5.9066e-06
258	5.83865e-06
259	5.79295e-06
260	5.74684e-06
261	5.67934e-06
262	5.63382e-06
263	5.56938e-06
264	5.52782e-06
265	5.46621e-06
266	5.42694e-06
267	5.36648e-06
268	5.30785e-06
269	5.25321e-06
270	5.22455e-06
271	5.17126e-06
272	5.11758e-06
273	5.06564e-06
274	5.01591e-06
275	4.96837e-06
276	4.92257e-06
277	4.87789e-06
278	4.83365e-06
279	4.78932e-06
280	4.7446e-06
281	4.69939e-06
282	4.6538e-06
283	4.60803e-06
284	4.5623e-06
285	4.5168e-06
286	4.47162e-06
287	4.42681e-06
288	4.38235e-06
289	4.33817e-06
290	4.29419e-06
291	4.25035e-06
292	4.20658e-06
293	4.16285e-06
294	4.11915e-06
295	4.07548e-06
296	4.03187e-06
297	3.98833e-06
298	3.94489e-06
299	3.90157e-06
300	3.85839e-06
301	3.81537e-06
302	3.77252e-06
303	3.72985e-06
304	3.68738e-06
305	3.64512e-06
306	3.60307e-06
307	3.56124e-06
308	3.51963e-06
309	3.47823e-06
310	3.43703e-06
311	3.39603e-06
312	3.35522e-06
313	3.31459e-06
314	3.27414e-06
315	3.23386e-06
316	3.19377e-06
317	3.15385e-06
318	3.11411e-06
319	3.07455e-06
320	3.03518e-06
321	2.99599e-06
322	2.95701e-06
323	2.91821e-06
324	2.87961e-06
325	2.84121e-06
326	2.80302e-06
327	2.76504e-06
328	2.72727e-06
329	2.68972e-06
330	2.65239e-06
331	2.61529e-06
332	2.57843e-06
333	2.54181e-06
334	2.50545e-06
335	2.46934e-06
336	2.43351e-06
337	2.39795e-06
338	2.36267e-06
339	2.32767e-06
340	2.29298e-06
341	2.25858e-06
342	2.2245e-06
343	2.19072e-06
344	2.15726e-06
345	2.12411e-06
346	2.09128e-06
347	2.05876e-06
348	2.02657e-06
349	1.99469e-06
350	1.96315e-06
351	1.93194e-06
352	1.90107e-06
353	1.87055e-06
354	1.84037e-06
355	1.81054e-06
356	1.78107e-06
357	1.75195e-06
358	1.7232e-06
359	1.6948e-06
360	1.66677e-06
361	1.6391e-06
362	1.61179e-06
363	1.58485e-06
364	1.55826e-06
365	1.53204e-06
366	1.50617e-06
367	1.48066e-06
368	1.4555e-06
369	1.4307e-06
370	1.40625e-06
371	1.38215e-06
372	1.3584e-06
373	1.33501e-06
374	1.31196e-06
375	1.28926e-06
376	1.2669e-06
377	1.24488e-06
378	1.2232e-06
379	1.20185e-06
380	1.18083e-06
381	1.16014e-06
382	1.13977e-06
383	1.11971e-06
384	1.09997e-06
385	1.08054e-06
386	1.06142e-06
387	1.0426e-06
388	1.01759e-06
389	1.0004e-06
390	9.84966e-07
391	9.70047e-07
392	9.54937e-07
393	9.31887e-07
394	9.16843e-07
395	9.02615e-07
396	8.88213e-07
397	8.66728e-07
398	8.52451e-07
399	8.39096e-07
400	8.18819e-07
401	8.06144e-07
402	7.94503e-07
403	7.75276e-07
404	7.63891e-07
405	7.53174e-07
406	7.34889e-07
407	7.23848e-07
408	7.06295e-07
409	6.96228e-07
410	6.86972e-07
411	6.70278e-07
412	6.60616e-07
413	6.44578e-07
414	6.35569e-07
415	6.20179e-07
416	6.12152e-07
417	5.97361e-07
418	5.90285e-07
419	5.76031e-07
420	5.69582e-07
421	5.55811e-07
422	5.49572e-07
423	5.36267e-07
424	5.29953e-07
425	5.17113e-07
426	5.10687e-07
427	4.98317e-07
428	4.85902e-07
429	4.80302e-07
430	4.68755e-07
431	4.64338e-07
432	4.53151e-07
433	4.41806e-07
434	4.38419e-07
435	4.27888e-07
436	4.24941e-07
437	4.14671e-07
438	4.04263e-07
439	4.00863e-07
440	3.91198e-07
441	3.81399e-07
442	3.78403e-07
443	3.69313e-07
444	3.60054e-07
445	3.57919e-07
446	3.49342e-07
447	3.40574e-07
448	3.39114e-07
449	3.30992e-07
450	3.22686e-07
451	3.14623e-07
452	3.13969e-07
453	3.06513e-07
454	2.9883e-07
455	2.9886e-07
456	2.91737e-07
457	2.84431e-07
458	2.77346e-07
459	2.76988e-07
460	2.70424e-07
461	2.63681e-07
462	2.57134e-07
463	2.57204e-07
464	2.51146e-07
465	2.44888e-07
466	2.3881e-07
467	2.32884e-07
468	2.34178e-07
469	2.28711e-07
470	2.22984e-07
471	2.17426e-07
472	2.1202e-07
473	2.147e-07
474	2.09687e-07
475	2.04419e-07
476	1.99313e-07
477	1.94353e-07
478	1.96718e-07
479	1.92116e-07
480	1.87313e-07
481	1.82658e-07
482	1.78137e-07
483	1.73745e-07
484	1.74811e-07
485	1.70709e-07
486	1.66422e-07
487	1.62282e-07
488	1.58279e-07
489	1.54398e-07
490	1.5535e-07
491	1.51618e-07
492	1.47728e-07
493	1.44069e-07
494	1.40593e-07
495	1.43309e-07
496	1.39698e-07
497	1.35869e-07
498	1.32501e-07
499	1.35142e-07
500	1.31549e-07
501	1.28028e-07
502	1.24948e-07
503	1.28211e-07
504	1.24724e-07
505	1.2123e-07
506	1.23431e-07
507	1.19785e-07
508	1.16339e-07
509	1.18327e-07
510	1.15319e-07
511	1.11798e-07
512	1.09158e-07
513	1.11353e-07
514	1.08217e-07
515	1.04695e-07
516	1.01888e-07
517	9.94495e-08
518	1.01567e-07
519	9.90952e-08
520	9.636e-08
521	1.02141e-07
522	9.87586e-08
523	1.00004e-07
524	9.68253e-08
525	9.31832e-08
526	9.6425e-08
527	9.29795e-08
528	8.95087e-08
529	9.08358e-08
530	8.82974e-08
531	8.535e-08
532	8.82909e-08
533	8.51691e-08
534	8.21673e-08
535	8.67277e-08
536	8.44997e-08
537	8.04321e-08
538	7.77458e-08
539	7.86173e-08
540	7.61416e-08
541	7.9345e-08
542	7.67741e-08
543	7.37119e-08
544	7.16973e-08
545	7.37132e-08
546	7.15875e-08
547	6.9217e-08
548	7.41283e-08
549	7.12081e-08
550	7.2492e-08
551	6.99037e-08
552	6.68522e-08
553	6.94285e-08
554	6.65724e-08
555	6.384e-08
556	6.56771e-08
557	6.3599e-08
558	6.10675e-08
559	6.37832e-08
560	6.11903e-08
561	5.89461e-08
562	6.42856e-08
563	6.2531e-08
564	5.88655e-08
565	5.69239e-08
566	5.78014e-08
567	5.5764e-08
568	5.94174e-08
569	5.71108e-08
570	5.93466e-08
571	5.72965e-08
572	5.45811e-08
573	5.28347e-08
574	5.13121e-08
575	4.99101e-08
576	5.00976e-08
577	4.7855e-08
578	4.65521e-08
579	5.13287e-08
580	4.94892e-08
581	4.72005e-08
582	4.58956e-08
583	4.78122e-08
584	4.60071e-08
585	4.40151e-08
586	4.82043e-08
587	4.59494e-08
588	4.36275e-08
589	4.55232e-08
590	4.40584e-08
591	4.23225e-08
592	4.63463e-08
593	4.37982e-08
594	4.41947e-08
595	4.21817e-08
596	4.02265e-08
597	4.31632e-08
598	4.08671e-08
599	3.88503e-08
600	4.10346e-08
601	3.92495e-08
602	3.74479e-08
603	3.93163e-08
604	3.74226e-08
605	3.56794e-08
606	3.90593e-08
607	3.76477e-08
608	3.52223e-08
609	3.69107e-08
610	3.47648e-08
611	3.3489e-08
612	3.80281e-08
613	3.61316e-08
614	3.37747e-08
615	3.57759e-08
616	3.35522e-08
617	3.51357e-08
618	3.34763e-08
619	3.16894e-08
620	3.16729e-08
621	3.04362e-08
622	2.89647e-08
623	3.16941e-08
624	2.96847e-08
625	2.80146e-08
626	2.70756e-08
627	3.041e-08
628	2.89712e-08
629	2.73671e-08
630	3.34161e-08
631	3.09983e-08
632	3.24232e-08
633	3.05863e-08
634	2.85822e-08
635	2.99632e-08
636	2.76178e-08
637	2.5869e-08
638	2.85321e-08
639	2.66879e-08
640	2.49738e-08
641	2.73256e-08
642	2.55943e-08
643	2.41528e-08
644	2.94939e-08
645	2.80773e-08
646	2.54628e-08
647	2.41401e-08
648	2.7601e-08
649	2.57148e-08
650	2.72088e-08
651	2.58066e-08
652	2.42435e-08
653	2.37669e-08
654	2.61957e-08
655	2.3883e-08
656	2.27096e-08
657	2.65424e-08
658	2.4612e-08
659	2.25129e-08
660	2.2604e-08
661	2.16721e-08
662	2.05411e-08
663	2.46272e-08
664	2.28497e-08
665	2.11112e-08
666	2.38785e-08
667	2.264e-08
668	2.12407e-08
669	2.41197e-08
670	2.24094e-08
671	2.08502e-08
672	2.41915e-08
673	2.30904e-08
674	2.11969e-08
675	2.4051e-08
676	2.19588e-08
677	2.06607e-08
678	2.47674e-08
679	2.33678e-08
680	2.14547e-08
681	2.37137e-08
682	2.16598e-08
683	2.33721e-08
684	2.19182e-08
685	2.0238e-08
686	1.97599e-08
687	2.13112e-08
688	1.94654e-08
689	1.79193e-08
690	2.19322e-08
691	2.01155e-08
692	1.85223e-08
693	1.97064e-08
694	1.87627e-08
695	1.75909e-08
696	2.18575e-08
697	1.99056e-08
698	1.82707e-08
699	2.19858e-08
700	2.11277e-08
701	1.91808e-08
702	2.08046e-08
703	1.88667e-08
704	2.16265e-08
705	1.99549e-08
706	1.82606e-08
707	1.75293e-08
708	1.96551e-08
709	1.82966e-08
710	1.7006e-08
711	2.15527e-08
712	1.9756e-08
713	1.82818e-08
714	2.39599e-08
715	2.31555e-08
716	2.0788e-08
717	2.15354e-08
718	1.97249e-08
719	2.2311e-08
720	2.07292e-08
721	1.89391e-08
722	2.06679e-08
723	1.96445e-08
724	1.82585e-08
725	2.14816e-08
726	1.96765e-08
727	1.8234e-08
728	2.33654e-08
729	2.25496e-08
730	2.00701e-08
731	1.89414e-08
732	2.18122e-08
733	2.00824e-08
734	2.23215e-08
735	2.09056e-08
736	1.90349e-08
737	1.82784e-08
738	1.90973e-08
739	1.77359e-08
740	1.67433e-08
741	2.08562e-08
742	1.92729e-08
743	1.75092e-08
744	2.00047e-08
745	1.92086e-08
746	1.76754e-08
747	2.093e-08
748	1.906e-08
749	1.73665e-08
750	2.00115e-08
751	1.87958e-08
752	1.70987e-08
753	2.02977e-08
754	1.83877e-08
755	1.72177e-08
756	2.31006e-08
757	2.19461e-08
758	1.91877e-08
759	1.81763e-08
760	2.10303e-08
761	1.95431e-08
762	2.16355e-08
763	1.99835e-08
764	2.39366e-08
765	2.25177e-08
766	2.04604e-08
767	2.12101e-08
768	2.00713e-08
769	1.91441e-08
770	2.36623e-08
771	2.18816e-08
772	2.25645e-08
773	2.09699e-08
774	1.93613e-08
775	2.31113e-08
776	2.11095e-08
777	1.91412e-08
778	1.8054e-08
779	2.13775e-08
780	2.00956e-08
781	2.04892e-08
782	1.90957e-08
783	2.25165e-08
784	2.115e-08
785	1.95105e-08
786	2.12933e-08
787	2.04222e-08
788	1.852e-08
789	2.14323e-08
790	1.96609e-08
791	1.82349e-08
792	2.32549e-08
793	2.20015e-08
794	2.01904e-08
795	2.2847e-08
796	2.09453e-08
797	2.01445e-08
798	2.51341e-08
799	2.39771e-08
800	2.13671e-08
801	2.16491e-08
802	2.14274e-08
803	2.38506e-08
804	2.21951e-08
805	2.59637e-08
806	2.44577e-08
807	2.217e-08
808	2.12163e-08
809	2.29476e-08
810	2.1819e-08
811	2.21827e-08
812	2.08403e-08
813	2.42791e-08
814	2.29112e-08
815	2.13115e-08
816	2.22039e-08
817	2.15467e-08
818	1.99789e-08
819	2.19371e-08
820	2.02505e-08
821	1.88378e-08
822	2.2384e-08
823	2.12708e-08
824	1.96562e-08
825	2.22614e-08
826	2.05682e-08
827	1.95452e-08
828	2.50727e-08
829	2.40821e-08
830	2.146e-08
831	2.1415e-08
832	2.09745e-08
833	2.39224e-08
834	2.23016e-08
835	2.52741e-08
836	2.3835e-08
837	2.16386e-08
838	2.05832e-08
839	2.14993e-08
840	2.03702e-08
841	1.92848e-08
842	2.53027e-08
843	2.35223e-08
844	2.49606e-08
845	2.32922e-08
846	2.14667e-08
847	2.4197e-08
848	2.22507e-08
849	2.02236e-08
850	1.90331e-08
851	2.20495e-08
852	2.08528e-08
853	2.12843e-08
854	1.96924e-08
855	2.31644e-08
856	2.16867e-08
857	1.99156e-08
858	2.17487e-08
859	2.12086e-08
860	1.90959e-08
861	2.11608e-08
862	1.93707e-08
863	1.81575e-08
864	2.38206e-08
865	2.23439e-08
866	2.02043e-08
867	2.17074e-08
868	1.9901e-08
869	2.09272e-08
870	1.94849e-08
871	1.76723e-08
872	1.70017e-08
873	1.67869e-08
874	2.11601e-08
875	2.02964e-08
876	1.78538e-08
877	2.11506e-08
878	1.93615e-08
879	2.25637e-08
880	2.11982e-08
881	1.93453e-08
882	1.85467e-08
883	1.93202e-08
884	1.84025e-08
885	1.71526e-08
886	2.30362e-08
887	2.12055e-08
888	2.31805e-08
889	2.16336e-08
890	1.97937e-08
891	2.17661e-08
892	1.99245e-08
893	1.81628e-08
894	1.91203e-08
895	1.79585e-08
896	1.64846e-08
897	2.01933e-08
898	1.8533e-08
899	1.70052e-08
900	2.24486e-08
901	2.17141e-08
902	1.89882e-08
903	1.77092e-08
904	1.66597e-08
905	2.1236e-08
906	1.91677e-08
907	1.7339e-08
908	2.27555e-08
909	2.15622e-08
910	1.96363e-08
911	2.23594e-08
912	2.02954e-08
913	2.08109e-08
914	1.91788e-08
915	1.72541e-08
916	1.63384e-08
917	1.82742e-08
918	1.67437e-08
919	1.52501e-08
920	1.42886e-08
921	1.37719e-08
922	1.85507e-08
923	1.74173e-08
924	1.68677e-08
925	2.32079e-08
926	2.13286e-08
927	2.32362e-08
928	2.19411e-08
929	1.95248e-08
930	2.10847e-08
931	1.90493e-08
932	1.75416e-08
933	2.17095e-08
934	2.03409e-08
935	1.82502e-08
936	2.11535e-08
937	1.92733e-08
938	2.09444e-08
939	1.94024e-08
940	1.74508e-08
941	1.66043e-08
942	1.58248e-08
943	1.54985e-08
944	1.7752e-08
945	1.60497e-08
946	1.47478e-08
947	1.40238e-08
948	1.37551e-08
949	1.90046e-08
950	1.79404e-08
951	1.68452e-08
952	2.29813e-08
953	2.10238e-08
954	2.27067e-08
955	2.12854e-08
956	1.93077e-08
957	2.11009e-08
958	1.89978e-08
959	1.74463e-08
960	2.05063e-08
961	1.90367e-08
962	1.73608e-08
963	2.03609e-08
964	1.87273e-08
965	1.76257e-08
966	2.4099e-08
967	2.29532e-08
968	2.02835e-08
969	2.05684e-08
970	1.98516e-08
971	2.2273e-08
972	2.07644e-08
973	2.3289e-08
974	2.18975e-08
975	1.99274e-08
976	1.92069e-08
977	2.12148e-08
978	1.96895e-08
979	1.87694e-08
980	2.40385e-08
981	2.23579e-08
982	2.0631e-08
983	2.4821e-08
984	2.42346e-08
985	2.20479e-08
986	2.58958e-08
987	2.38036e-08
988	2.51837e-08
989	2.37439e-08
990	2.18385e-08
991	2.13521e-08
992	2.29313e-08
993	2.11958e-08
994	2.311e-08
995	2.17521e-08
996	2.11263e-08
997	2.54791e-08
998	2.42054e-08
999	2.18434e-08
1000	2.27133e-08
